3 0.7065104166666667 0.6662037037037037 0.09010416666666667 0.2101851851851852
3 0.5690104166666666 0.41805555555555557 0.05364583333333333 0.21574074074074073
8 0.3455729166666667 0.3731481481481482 0.04739583333333333 0.17407407407407408
3 0.34348958333333335 0.6287037037037037 0.06927083333333334 0.20555555555555555
3 0.5565104166666667 0.3439814814814815 0.0421875 0.18981481481481483
3 0.18958333333333333 0.8398148148148148 0.057291666666666664 0.2611111111111111
3 0.8559895833333333 0.7606481481481482 0.049479166666666664 0.25092592592592594
3 0.7808958333333333 0.5560185185185185 0.07153645833333329 0.2361111111111111
2 0.57734375 0.36574074074074076 0.0140625 0.022222222222222223
2 0.18671875 0.7870370370370371 0.0171875 0.03148148148148148
0 0.4203125 0.013888888888888888 0.016666666666666666 0.027777777777777776
8 0.9830729166666666 0.6615740740740741 0.033854166666666664 0.22685185185185186
2 0.8515625 0.712037037037037 0.011458333333333333 0.027777777777777776
3 0.23547395833333334 0.4423518518518519 0.07875520833333335 0.20379629629629625
2 0.3385416666666667 0.5930555555555556 0.007291666666666667 0.01574074074074074
8 0.33934375 0.8189814814814815 0.03806770833333329 0.12129629629629629
2 0.7817708333333333 0.5050925925925925 0.011458333333333333 0.023148148148148147
9 0.7252604166666666 0.30324074074074076 0.03177083333333333 0.017592592592592594
2 0.5567708333333333 0.3125 0.007291666666666667 0.01574074074074074
3 0.2646302083333333 0.4425 0.041770833333333326 0.18117592592592593
3 0.7602656250000001 0.5570370370370371 0.03442708333333329 0.20265740740740745
2 0.7053645833333333 0.6370277777777777 0.009619791666666563 0.019370370370370437