4 0.7658124999999999 0.6537222222222222 0.060749999999999936 0.24126851851851847
3 0.621484375 0.644537037037037 0.08315104166666672 0.22595370370370368
3 0.65896875 0.6085370370370371 0.08918229166666668 0.21216666666666656
3 0.600375 0.5664074074074075 0.05471874999999997 0.24126851851851847
3 0.5988645833333333 0.4404074074074074 0.0603177083333333 0.19148148148148145
3 0.6462552083333333 0.49440740740740746 0.09822916666666662 0.21216666666666661
3 0.41511458333333334 0.2818611111111111 0.04782291666666663 0.21139814814814817
3 0.24083854166666668 0.3599907407407408 0.04222395833333336 0.17156481481481478
3 0.17018229166666668 0.38181481481481483 0.04394791666666666 0.16620370370370371
8 0.17141666666666666 0.2685648148148148 0.04114062500000001 0.13133333333333336
9 0.22792708333333334 0.16003703703703703 0.031187499999999996 0.021231481481481487
3 0.4047604166666667 0.18912962962962962 0.04954687499999994 0.16908333333333334
8 0.8285416666666666 0.25735185185185183 0.04158333333333341 0.17025925925925925
0 0.784671875 0.6359907407407407 0.016942708333333438 0.030750000000000034
2 0.7625260416666666 0.6064999999999999 0.014296874999999905 0.029490740740740658
8 0.41642708333333334 0.7385925925925926 0.05347395833333337 0.22213888888888897
2 0.40822916666666664 0.16353703703703704 0.0067031249999999435 0.016499999999999994
2 0.16833854166666665 0.3637962962962963 0.008515625000000011 0.01807407407407406
2 0.6079739583333333 0.5201666666666667 0.012781249999999982 0.022157407407407466
2 0.2368125 0.33569444444444446 0.008005208333333336 0.016574074074074054
2 0.41834375 0.24282407407407408 0.006020833333333305 0.01869444444444447