3 0.46171875 0.45046296296296295 0.06197916666666667 0.21203703703703702
3 0.34322916666666664 0.562037037037037 0.08541666666666667 0.21296296296296297
3 0.3815104166666667 0.40555555555555556 0.0515625 0.20555555555555555
3 0.35651041666666666 0.7986111111111112 0.10364583333333334 0.30648148148148147
3 0.08671875 0.5819444444444445 0.0671875 0.22685185185185186
8 0.5776041666666667 0.875 0.06041666666666667 0.25
8 0.67734375 0.41944444444444445 0.04010416666666667 0.19814814814814816
3 0.31796875 0.4842592592592593 0.04739583333333333 0.21481481481481482
3 0.5583958333333333 0.5310185185185186 0.09090104166666671 0.24749999999999997
2 0.36953125 0.7592592592592593 0.0171875 0.02962962962962963
2 0.37942708333333336 0.36574074074074076 0.0140625 0.020370370370370372
0 0.5984375 0.2657407407407407 0.017708333333333333 0.03148148148148148
8 0.011458333333333333 0.38935185185185184 0.022916666666666665 0.2175925925925926
2 0.3234375 0.4513888888888889 0.008333333333333333 0.021296296296296296
2 0.46458333333333335 0.41944444444444445 0.008333333333333333 0.020370370370370372
2 0.3424479166666667 0.5152777777777777 0.009895833333333333 0.023148148148148147
2 0.3268229166666667 0.7773148148148148 0.0140625 0.03425925925925926
9 0.6119791666666666 0.2986111111111111 0.034375 0.023148148148148147
3 0.06796875 0.4828703703703704 0.06197916666666667 0.2175925925925926
2 0.09140625 0.5398148148148149 0.009895833333333333 0.022222222222222223
3 0.5729375 0.5039259259259259 0.061015625000000046 0.24037037037037035
3 0.32557291666666666 0.8430555555555556 0.054322916666666644 0.2852777777777777
2 0.06528645833333332 0.44069444444444444 0.009630208333333338 0.020314814814814865
2 0.571125 0.47970370370370374 0.008958333333333238 0.016851851851851896