4 0.2582552083333333 0.4580925925925926 0.11278645833333331 0.26426851851851857
0 0.2987447916666667 0.3514074074074074 0.021401041666666624 0.034444444444444486
3 0.29744270833333336 0.41156481481481483 0.05697395833333339 0.24524074074074081
3 0.4202083333333333 0.3958796296296296 0.04800520833333337 0.21593518518518517
3 0.5159322916666667 0.3285277777777778 0.05321354166666665 0.22107407407407406
3 0.42252083333333335 0.6519259259259259 0.08155208333333329 0.29613888888888884
3 0.364390625 0.6490925925925926 0.08444791666666672 0.26169444444444456
3 0.3123385416666667 0.6565462962962964 0.06709374999999997 0.23752777777777775
3 0.5993697916666666 0.7979351851851851 0.12117708333333325 0.33315740740740735
3 0.7948645833333334 0.4048796296296296 0.06854166666666663 0.22570370370370368
3 0.89521875 0.4143888888888889 0.04829687500000001 0.23855555555555555
8 0.30293749999999997 0.8357222222222223 0.06333333333333328 0.2524351851851851
2 0.3533854166666667 0.5964722222222223 0.0140260416666667 0.03147222222222223
2 0.42836979166666667 0.5942407407407407 0.021708333333333368 0.03533333333333341
9 0.29020833333333335 0.23767592592592593 0.036442708333333344 0.023870370370370344
8 0.23323958333333333 0.36197222222222225 0.04680208333333334 0.20152777777777775
2 0.28103125 0.40185185185185185 0.009786458333333314 0.022388888888888844
2 0.5196354166666667 0.29524074074074075 0.013322916666666629 0.01612037037037034
2 0.8905 0.3750462962962963 0.00592708333333339 0.01780555555555557
2 0.7878124999999999 0.36987962962962967 0.004901041666666591 0.017314814814814856
2 0.60675 0.7148796296296297 0.012114583333333448 0.033055555555555595