3 0.596875 0.5777777777777777 0.046875 0.22592592592592592
3 0.34869791666666666 0.6449074074074074 0.07239583333333334 0.24166666666666667
3 0.41535937500000003 0.4617777777777778 0.08490624999999999 0.20874074074074078
3 0.5338541666666666 0.3449074074074074 0.052083333333333336 0.18425925925925926
8 0.7255208333333333 0.7949074074074074 0.03958333333333333 0.16944444444444445
3 0.9575520833333333 0.6129629629629629 0.043229166666666666 0.22962962962962963
3 0.49192708333333335 0.7175925925925926 0.0609375 0.2222222222222222
3 0.31328125 0.5532407407407407 0.04635416666666667 0.21944444444444444
2 0.48541666666666666 0.6837962962962963 0.015625 0.026851851851851852
8 0.06848958333333334 0.6486111111111111 0.0421875 0.2212962962962963
2 0.33958333333333335 0.5921296296296297 0.019791666666666666 0.028703703703703703
3 0.3874583333333333 0.5268888888888889 0.057583333333333306 0.22649999999999995
0 0.3380208333333333 0.31342592592592594 0.013541666666666667 0.023148148148148147
3 0.40850000000000003 0.5198703703703704 0.05734374999999995 0.22432407407407406
2 0.5328125 0.31342592592592594 0.00625 0.017592592592592594
9 0.32786458333333335 0.2912037037037037 0.030729166666666665 0.021296296296296296
2 0.37734375 0.4703703703703704 0.008854166666666666 0.024074074074074074
2 0.31614583333333335 0.5087962962962963 0.011458333333333333 0.025
2 0.38307291666666665 0.29074074074074074 0.0067708333333333336 0.016666666666666666
2 0.6104166666666667 0.5310185185185186 0.008333333333333333 0.025
3 0.38333333333333336 0.3162037037037037 0.041666666666666664 0.1787037037037037
8 0.7234375 0.3527777777777778 0.034375 0.18333333333333332
1 0.32886979166666663 0.3026388888888889 0.03213020833333336 0.04517592592592589