8 0.023177083333333334 0.3365740740740741 0.04635416666666667 0.18981481481481483
3 0.7526041666666666 0.6194444444444445 0.06770833333333333 0.2222222222222222
8 0.59921875 0.774537037037037 0.04635416666666667 0.18981481481481483
3 0.28177083333333336 0.7425925925925926 0.065625 0.2796296296296296
3 0.3684895833333333 0.3851851851851852 0.050520833333333334 0.2111111111111111
8 0.7825520833333334 0.36064814814814816 0.04010416666666667 0.19166666666666668
3 0.32005208333333335 0.32407407407407407 0.059895833333333336 0.19814814814814816
7 0.2859375 0.45601851851851855 0.10416666666666667 0.30833333333333335
3 0.42421875 0.6421296296296296 0.0609375 0.25462962962962965
3 0.61796875 0.2972222222222222 0.0421875 0.17962962962962964
3 0.84453125 0.7231481481481481 0.0515625 0.2074074074074074
3 0.6049479166666667 0.3675925925925926 0.0328125 0.18518518518518517
5 0.19505208333333332 0.4486111111111111 0.04739583333333333 0.3194444444444444
2 0.6229166666666667 0.26944444444444443 0.008333333333333333 0.016666666666666666
2 0.8434895833333333 0.7023148148148148 0.013020833333333334 0.028703703703703703
2 0.28229166666666666 0.6861111111111111 0.0125 0.02962962962962963
2 0.27734375 0.4217592592592593 0.013020833333333334 0.019444444444444445
2 0.37604166666666666 0.34120370370370373 0.009375 0.023148148148148147
9 0.7302083333333333 0.22962962962962963 0.03229166666666667 0.018518518518518517
0 0.19479166666666667 0.30925925925925923 0.01875 0.037037037037037035
2 0.1828125 0.425462962962963 0.008333333333333333 0.023148148148148147
2 0.753125 0.5814814814814815 0.009375 0.022222222222222223
2 0.3264270833333333 0.28753703703703704 0.010244791666666704 0.01918518518518521