0 0.3502604166666667 0.44551851851851854 0.01782291666666668 0.032287037037037045
3 0.4446979166666667 0.42910185185185185 0.04641145833333328 0.24009259259259266
3 0.4099583333333333 0.4286388888888889 0.08000520833333329 0.18754629629629635
3 0.4280208333333333 0.5189814814814815 0.09040104166666664 0.24801851851851858
3 0.315484375 0.5843425925925926 0.054421875 0.24166666666666667
3 0.297140625 0.6713703703703704 0.11154166666666668 0.3077314814814816
3 0.3710104166666667 0.661962962962963 0.10439062500000003 0.21321296296296294
3 0.4389010416666667 0.8683333333333333 0.09110416666666671 0.2568703703703704
8 0.705140625 0.9306203703703705 0.05629166666666663 0.13846296296296304
3 0.8434270833333334 0.7090000000000001 0.0478906249999999 0.17087962962962958
3 0.9764635416666666 0.7155462962962963 0.04707291666666672 0.3311666666666667
3 0.9247083333333334 0.44210185185185186 0.05689583333333322 0.25067592592592597
8 0.7414114583333333 0.2858148148148148 0.05073437499999992 0.22655555555555554
9 0.27997395833333333 0.23775 0.038796875 0.02859259259259259
2 0.36915624999999996 0.6266759259259259 0.0164427083333333 0.03414814814814825
2 0.30065625 0.5882222222222222 0.01310416666666671 0.03315740740740736
2 0.9899895833333333 0.639888888888889 0.020015624999999915 0.041425925925925935
2 0.9283333333333333 0.3985462962962963 0.009666666666666638 0.018453703703703656
2 0.4120885416666667 0.40423148148148147 0.009401041666666643 0.021185185185185182
2 0.4431927083333333 0.38319444444444445 0.007177083333333319 0.018703703703703747
2 0.42607812500000003 0.815037037037037 0.011635416666666624 0.03675000000000005