8 0.801921875 0.3725833333333333 0.029588541666666638 0.14903703703703708
3 0.5883489583333333 0.4038981481481481 0.06363541666666658 0.1682407407407407
3 0.5913645833333334 0.4075185185185185 0.07059895833333343 0.11118518518518522
3 0.5609947916666667 0.47820370370370374 0.07655208333333334 0.15988888888888894
3 0.4847916666666666 0.4819629629629629 0.0791354166666667 0.19077777777777774
3 0.42033333333333334 0.5216203703703703 0.06763020833333329 0.17825925925925926
3 0.5422083333333333 0.5627407407407408 0.07373437500000003 0.18869444444444441
3 0.3825260416666667 0.35150925925925924 0.04555729166666668 0.16531481481481478
3 0.4034270833333334 0.3214444444444445 0.03851041666666669 0.16197222222222218
8 0.24034375 0.3696666666666667 0.03827604166666667 0.151537037037037
3 0.28660416666666666 0.6293240740740741 0.04672916666666668 0.21332407407407417
3 0.3217083333333333 0.7209629629629629 0.04790625000000001 0.20956481481481476
8 0.36080729166666664 0.7472592592592592 0.05236458333333331 0.20873148148148155
2 0.5418958333333334 0.5219074074074074 0.019817708333333368 0.02109259259259257
2 0.49971875000000004 0.4421666666666667 0.008994791666666658 0.02109259259259257
9 0.26547916666666665 0.2833333333333333 0.031234375000000016 0.015111111111111157
2 0.5805052083333333 0.3811111111111111 0.01082291666666677 0.019083333333333345
2 0.40516145833333334 0.29510185185185184 0.005473958333333329 0.016620370370370414
2 0.5657864583333333 0.4556944444444444 0.00831250000000002 0.02483333333333338