3 0.45364583333333336 0.5375 0.08333333333333333 0.2490740740740741
3 0.7940104166666667 0.5671296296296297 0.06927083333333334 0.25092592592592594
8 0.2916666666666667 0.8805555555555555 0.075 0.2388888888888889
3 0.04765625 0.5722222222222222 0.0515625 0.2611111111111111
8 0.38177083333333334 0.32037037037037036 0.041666666666666664 0.2074074074074074
3 0.5705729166666667 0.3611111111111111 0.0640625 0.22777777777777777
3 0.7 0.5925925925925926 0.06770833333333333 0.2777777777777778
3 0.5442708333333334 0.3337962962962963 0.053125 0.21944444444444444
3 0.6730416666666666 0.567861111111111 0.09295833333333334 0.27461111111111103
2 0.7020833333333333 0.5324074074074074 0.021875 0.03333333333333333
3 0.24391145833333333 0.33096296296296296 0.0622083333333333 0.20040740740740737
2 0.5361979166666667 0.300462962962963 0.0078125 0.019444444444444445
0 0.76484375 0.3388888888888889 0.019270833333333334 0.03148148148148148
2 0.80234375 0.5226851851851851 0.011979166666666667 0.030555555555555555
9 0.7513020833333334 0.26157407407407407 0.03802083333333333 0.025
3 0.007552083333333333 0.8171296296296297 0.015104166666666667 0.30092592592592593
3 0.24084375 0.3638518518518518 0.04209375000000003 0.21317592592592594
2 0.46004687499999997 0.4900462962962963 0.009208333333333367 0.02824074074074074