3 0.88671875 0.6412037037037037 0.058854166666666666 0.23055555555555557
3 0.41432291666666665 0.7662037037037037 0.0578125 0.22685185185185186
8 0.8033854166666666 0.8782407407407408 0.05260416666666667 0.2064814814814815
3 0.41120833333333334 0.5502592592592592 0.05720312499999996 0.21101851851851855
3 0.5315104166666667 0.36435185185185187 0.05677083333333333 0.18611111111111112
3 0.6721354166666667 0.6185185185185185 0.0515625 0.23333333333333334
3 0.37321875000000004 0.4506018518518518 0.05372916666666671 0.2136203703703704
8 0.73203125 0.3560185185185185 0.0390625 0.175
3 0.435875 0.5042222222222221 0.05286458333333333 0.1879537037037037
3 0.32916666666666666 0.7125 0.041666666666666664 0.25277777777777777
0 0.5088541666666667 0.07083333333333333 0.015625 0.026851851851851852
8 0.05625 0.6796296296296296 0.06354166666666666 0.22962962962962963
2 0.40390625 0.7310185185185185 0.013020833333333334 0.030555555555555555
2 0.40234375 0.5083333333333333 0.009895833333333333 0.024074074074074074
2 0.8880208333333334 0.600925925925926 0.0125 0.027777777777777776
9 0.32864583333333336 0.2884259259259259 0.03125 0.019444444444444445
2 0.68203125 0.5708333333333333 0.009895833333333333 0.025
5 0.5450989583333333 0.3026759259259259 0.029739583333333285 0.22525925925925924
3 0.4054375 0.5231018518518519 0.06585937500000003 0.24072222222222223
2 0.5449322916666667 0.2661574074074074 0.006005208333333438 0.016064814814814837
2 0.39523958333333337 0.46537962962962964 0.008286458333333377 0.021398148148148107