0 0.39018749999999996 0.18196296296296297 0.017385416666666723 0.03632407407407409
9 0.3603385416666667 0.3085555555555556 0.03388541666666664 0.023342592592592627
8 0.052369791666666665 0.7499907407407408 0.04630729166666667 0.25334259259259273
3 0.21017708333333335 0.8611481481481481 0.08076562500000002 0.2776944444444444
3 0.29328125 0.7948240740740741 0.06615624999999999 0.25873148148148156
3 0.3919635416666667 0.5096296296296297 0.08048958333333331 0.1901296296296296
3 0.41708854166666665 0.4758518518518518 0.07873958333333336 0.19900925925925933
3 0.5493541666666667 0.4358796296296296 0.07111458333333331 0.18180555555555553
3 0.5496302083333333 0.37119444444444444 0.04410416666666664 0.19944444444444442
3 0.6193697916666667 0.5912222222222222 0.0689114583333333 0.24746296296296297
8 0.7868177083333333 0.3834444444444444 0.047135416666666666 0.19454629629629624
3 0.6846510416666667 0.9180648148148148 0.08309374999999998 0.1638703703703704
8 0.5290572916666666 0.9099722222222222 0.06373958333333339 0.18005555555555558
3 0.8898802083333333 0.9557037037037038 0.07330208333333346 0.08859259259259254
2 0.3016302083333333 0.7348888888888888 0.017072916666666653 0.033092592592592604
2 0.18730729166666665 0.7909444444444444 0.008036458333333307 0.030018518518518587
2 0.6206666666666667 0.5493703703703704 0.014500000000000075 0.035064814814814715
2 0.5508958333333334 0.41044444444444445 0.008458333333333219 0.01994444444444441
2 0.5494322916666667 0.3396388888888889 0.008093749999999981 0.01895370370370373
2 0.8933645833333334 0.9792592592592592 0.024166666666666715 0.04147222222222219