8 0.2553489583333333 0.3308425925925926 0.03903645833333336 0.16162037037037044
8 0.86578125 0.323712962962963 0.040640625000000104 0.18348148148148144
8 0.42340104166666664 0.8237777777777777 0.061765624999999956 0.24052777777777776
9 0.2933177083333333 0.22698148148148148 0.02941145833333335 0.026148148148148156
3 0.3270104166666667 0.5773055555555555 0.05186979166666662 0.19441666666666668
3 0.448 0.3325 0.04946354166666668 0.18396296296296302
3 0.469921875 0.2467037037037037 0.05106770833333331 0.1853888888888889
3 0.6221979166666666 0.4472962962962963 0.08502604166666666 0.16637037037037034
3 0.5771458333333332 0.5573425925925926 0.048395833333333374 0.2324444444444444
3 0.5771458333333332 0.5910925925925926 0.060161458333333445 0.23149074074074072
3 0.5283489583333333 0.6804537037037037 0.058822916666666634 0.26762037037037034
3 0.39037499999999997 0.771962962962963 0.08556249999999999 0.2547870370370371
3 0.47754166666666664 0.622462962962963 0.0812864583333333 0.09649074074074078
5 0.7692552083333334 0.4140277777777778 0.04759375000000006 0.25383333333333336
0 0.7647135416666667 0.3073148148148148 0.01925000000000002 0.030898148148148154
2 0.5238020833333333 0.6148611111111111 0.02085416666666665 0.029944444444444367
2 0.5620364583333333 0.5447500000000001 0.020322916666666656 0.03422222222222226
2 0.765375 0.385537037037037 0.005802083333333267 0.018027777777777802
2 0.465984375 0.2170925925925926 0.006697916666666614 0.01883333333333331
2 0.4711197916666666 0.6112222222222222 0.009604166666666695 0.015509259259259259