8 0.7424479166666667 0.7888888888888889 0.059895833333333336 0.17962962962962964
3 0.5903645833333333 0.47824074074074074 0.049479166666666664 0.2175925925925926
3 0.90703125 0.5333333333333333 0.05364583333333333 0.2462962962962963
3 0.7541666666666667 0.3351851851851852 0.06145833333333333 0.18703703703703703
3 0.24505208333333334 0.6148148148148148 0.058854166666666666 0.24259259259259258
8 0.6947916666666667 0.2861111111111111 0.0375 0.17592592592592593
3 0.48984375 0.4925925925925926 0.0546875 0.2111111111111111
3 0.18197395833333332 0.7071296296296297 0.04617187499999999 0.2351851851851852
3 0.42492708333333334 0.3967685185185185 0.043411458333333285 0.19597222222222224
8 0.12057291666666667 0.5800925925925926 0.030729166666666665 0.2212962962962963
0 0.38325000000000004 0.24626851851851855 0.01594791666666661 0.028981481481481466
3 0.3935833333333333 0.5673611111111111 0.047031249999999976 0.3080092592592593
2 0.42734375 0.3662037037037037 0.0078125 0.019444444444444445
2 0.49583333333333335 0.45555555555555555 0.013541666666666667 0.02962962962962963
2 0.39375 0.5486111111111112 0.015625 0.025
9 0.3497395833333333 0.22407407407407406 0.030729166666666665 0.020370370370370372
3 0.4175260416666667 0.5288333333333333 0.112765625 0.1988796296296296
2 0.17109375 0.6652777777777777 0.008854166666666666 0.028703703703703703
2 0.7578125 0.3050925925925926 0.007291666666666667 0.017592592592592594
3 0.7527864583333332 0.7736851851851853 0.12463541666666676 0.10479629629629636