3 0.4666666666666667 0.4064814814814815 0.057291666666666664 0.20925925925925926
3 0.4075520833333333 0.3439814814814815 0.0453125 0.20277777777777778
3 0.30703125 0.5236111111111111 0.0671875 0.22685185185185186
3 0.13880208333333333 0.5217592592592593 0.0484375 0.2212962962962963
8 0.59375 0.8560185185185185 0.058333333333333334 0.287962962962963
8 0.6955729166666667 0.3958333333333333 0.04010416666666667 0.20092592592592592
3 0.41796875 0.7657407407407407 0.08385416666666666 0.2851851851851852
3 0.11484375 0.4324074074074074 0.04739583333333333 0.2074074074074074
3 0.32005208333333335 0.4513888888888889 0.0609375 0.2212962962962963
3 0.5853645833333334 0.49377777777777776 0.06342708333333344 0.24876851851851858
8 0.0203125 0.36435185185185187 0.040625 0.21203703703703702
2 0.38723958333333336 0.7546296296296297 0.016145833333333335 0.03148148148148148
0 0.5583333333333333 0.14675925925925926 0.017708333333333333 0.030555555555555555
0 0.018229166666666668 0.28055555555555556 0.015625 0.03333333333333333
2 0.4049479166666667 0.3074074074074074 0.0140625 0.020370370370370372
2 0.46458333333333335 0.3763888888888889 0.008333333333333333 0.019444444444444445
2 0.3177083333333333 0.47824074074074074 0.009375 0.026851851851851852
9 0.6255208333333333 0.26481481481481484 0.034375 0.022222222222222223
2 0.31927083333333334 0.41712962962962963 0.009375 0.021296296296296296
3 0.5836822916666667 0.4734629629629629 0.05764583333333325 0.2353703703703703
3 0.405015625 0.8024444444444444 0.09364062499999998 0.27491666666666675
2 0.1123125 0.39235185185185184 0.009833333333333331 0.02081481481481483
2 0.14118229166666665 0.47833333333333333 0.009901041666666662 0.02211111111111116
2 0.429296875 0.7016944444444445 0.013671875 0.035296296296296194