8 0.58828125 0.7731481481481481 0.06822916666666666 0.2111111111111111
8 0.027864583333333335 0.34953703703703703 0.05260416666666667 0.1935185185185185
3 0.25234375 0.7375 0.06510416666666667 0.2824074074074074
3 0.17161458333333332 0.5259259259259259 0.08489583333333334 0.2814814814814815
3 0.11458333333333333 0.49074074074074076 0.09895833333333333 0.23703703703703705
3 0.5309895833333333 0.5611111111111111 0.06614583333333333 0.26851851851851855
3 0.4231770833333333 0.37083333333333335 0.049479166666666664 0.2101851851851852
8 0.775 0.3597222222222222 0.03854166666666667 0.18611111111111112
3 0.7950520833333333 0.7337962962962963 0.0546875 0.24722222222222223
3 0.7635416666666667 0.6259259259259259 0.06145833333333333 0.2222222222222222
3 0.3953125 0.3476851851851852 0.052083333333333336 0.21203703703703702
3 0.70078125 0.4041666666666667 0.0859375 0.18611111111111112
3 0.7278645833333334 0.375 0.05572916666666667 0.1925925925925926
2 0.53125 0.4976851851851852 0.015625 0.030555555555555555
2 0.8033854166666666 0.6935185185185185 0.011979166666666667 0.02962962962962963
2 0.24973958333333332 0.6814814814814815 0.011979166666666667 0.027777777777777776
0 0.6580729166666667 0.1111111111111111 0.0171875 0.03148148148148148
9 0.7294270833333333 0.24259259259259258 0.033854166666666664 0.018518518518518517
2 0.41067708333333336 0.3287037037037037 0.0067708333333333336 0.022222222222222223
2 0.3932291666666667 0.31296296296296294 0.013541666666666667 0.020370370370370372
2 0.14921875 0.5148148148148148 0.013020833333333334 0.024074074074074074
2 0.7020052083333332 0.3669907407407408 0.008989583333333447 0.02260185185185182