3 0.6505208333333333 0.3925925925925926 0.05625 0.1962962962962963
8 0.71796875 0.7949074074074074 0.050520833333333334 0.16944444444444445
3 0.18046875 0.7222222222222222 0.07239583333333334 0.26666666666666666
3 0.68515625 0.34305555555555556 0.043229166666666666 0.16018518518518518
3 0.29661458333333335 0.4638888888888889 0.058854166666666666 0.20185185185185187
3 0.55625 0.7810185185185186 0.05625 0.19722222222222222
8 0.12317708333333334 0.3712962962962963 0.0453125 0.1685185185185185
3 0.4270833333333333 0.5074074074074074 0.052083333333333336 0.23333333333333334
3 0.17864583333333334 0.5106481481481482 0.051041666666666666 0.2490740740740741
3 0.4674479166666667 0.5944444444444444 0.050520833333333334 0.2388888888888889
3 0.6713541666666667 0.6717592592592593 0.05416666666666667 0.23425925925925925
8 0.8559895833333333 0.3925925925925926 0.044270833333333336 0.18518518518518517
2 0.15911458333333334 0.6638888888888889 0.0140625 0.03148148148148148
2 0.553125 0.7680555555555556 0.014583333333333334 0.030555555555555555
2 0.6872395833333333 0.32407407407407407 0.0078125 0.014814814814814815
3 0.25729166666666664 0.4217592592592593 0.034375 0.27685185185185185
2 0.2903645833333333 0.4217592592592593 0.009895833333333333 0.025
9 0.7890625 0.2773148148148148 0.03229166666666667 0.017592592592592594
2 0.45859375 0.5421296296296296 0.0140625 0.028703703703703703
2 0.6557291666666667 0.3560185185185185 0.00625 0.01574074074074074
2 0.42578125 0.45185185185185184 0.0078125 0.027777777777777776
0 0.609515625 0.03177777777777778 0.01648958333333326 0.026805555555555558
2 0.250921875 0.397537037037037 0.007432291666666657 0.02160185185185189