3 0.0578125 0.7541666666666667 0.06770833333333333 0.3138888888888889
3 0.20625 0.687962962962963 0.06979166666666667 0.29814814814814816
5 0.3140625 0.3263888888888889 0.042708333333333334 0.2657407407407407
3 0.7119791666666667 0.5467592592592593 0.07708333333333334 0.2657407407407407
3 0.7494791666666667 0.600925925925926 0.084375 0.26666666666666666
3 0.65078125 0.3175925925925926 0.0671875 0.1925925925925926
3 0.1625 0.5199074074074074 0.04791666666666667 0.24722222222222223
3 0.62359375 0.2919351851851852 0.05135937500000007 0.2153425925925926
8 0.37421875 0.3023148148148148 0.043229166666666666 0.19907407407407407
2 0.6872395833333333 0.5361111111111111 0.021354166666666667 0.02962962962962963
8 0.26223958333333336 0.8856481481481482 0.050520833333333334 0.22870370370370371
3 0.6969010416666667 0.5912037037037037 0.08651041666666662 0.2712962962962963
2 0.04635416666666667 0.687962962962963 0.011458333333333333 0.02962962962962963
2 0.20260416666666667 0.6222222222222222 0.0125 0.03148148148148148
7 0.36171875 0.4185185185185185 0.050520833333333334 0.25
9 0.7502604166666667 0.24537037037037038 0.03697916666666667 0.020370370370370372
0 0.31666666666666665 0.21203703703703702 0.01875 0.03518518518518519
2 0.35651041666666666 0.3814814814814815 0.009895833333333333 0.027777777777777776
2 0.7674479166666667 0.5453703703703704 0.0109375 0.03333333333333333
2 0.15520833333333334 0.45787037037037037 0.009375 0.028703703703703703
2 0.7130208333333333 0.47962962962962963 0.011458333333333333 0.02962962962962963
2 0.6506302083333334 0.28306481481481477 0.011041666666666571 0.028333333333333353