8 0.07864583333333333 0.37037037037037035 0.065625 0.17037037037037037
3 0.35833333333333334 0.5995370370370371 0.08229166666666667 0.2324074074074074
8 0.7184895833333333 0.7814814814814814 0.050520833333333334 0.19444444444444445
3 0.18802083333333333 0.49583333333333335 0.058333333333333334 0.23425925925925925
3 0.4205729166666667 0.4949074074074074 0.0765625 0.225
3 0.15520833333333334 0.7162037037037037 0.065625 0.2712962962962963
3 0.6705729166666666 0.3699074074074074 0.04739583333333333 0.18981481481481483
8 0.87578125 0.3763888888888889 0.04114583333333333 0.18425925925925926
3 0.5763020833333333 0.7680555555555556 0.0578125 0.21574074074074073
3 0.6942708333333333 0.30277777777777776 0.03229166666666667 0.17407407407407408
3 0.65234375 0.6453703703703704 0.043229166666666666 0.2351851851851852
2 0.69296875 0.28194444444444444 0.0078125 0.017592592592592594
3 0.3463541666666667 0.43425925925925923 0.07604166666666666 0.1962962962962963
2 0.42109375 0.44537037037037036 0.015104166666666667 0.025925925925925925
2 0.14140625 0.6569444444444444 0.0109375 0.028703703703703703
2 0.5671875 0.7458333333333333 0.011458333333333333 0.030555555555555555
9 0.81328125 0.26481481481481484 0.03177083333333333 0.018518518518518517
3 0.30234375 0.4122037037037037 0.03697916666666667 0.24782407407407406
0 0.44244791666666666 0.02638888888888889 0.016145833333333335 0.026851851851851852
2 0.35381770833333337 0.4071944444444444 0.009786458333333314 0.025074074074074113
2 0.6426197916666666 0.5986944444444445 0.0067552083333332295 0.018407407407407508