9 0.27413020833333335 0.2383425925925926 0.029802083333333347 0.021222222222222212
0 0.27822395833333335 0.23485185185185184 0.016739583333333384 0.024509259259259286
8 0.24076562499999998 0.33485185185185184 0.04217187500000001 0.14609259259259258
3 0.22178124999999999 0.4021111111111111 0.05085416666666666 0.19382407407407407
3 0.2830052083333333 0.4257407407407408 0.054515625000000005 0.21600000000000003
3 0.3693177083333333 0.5264814814814816 0.04108854166666672 0.23619444444444443
3 0.33745312499999996 0.5911203703703704 0.05546354166666667 0.18321296296296308
3 0.39671354166666667 0.5891851851851853 0.07498958333333335 0.20153703703703713
3 0.30422916666666666 0.6153425925925926 0.06441145833333337 0.09570370370370361
3 0.32097916666666665 0.7658981481481482 0.06590624999999999 0.23770370370370372
3 0.5160416666666666 0.4616574074074074 0.07688541666666661 0.21648148148148155
3 0.5698802083333334 0.314962962962963 0.040546874999999954 0.17285185185185184
3 0.39209895833333336 0.33689814814814817 0.0408177083333334 0.19550925925925924
8 0.8279322916666667 0.3544722222222222 0.0362552083333334 0.1736481481481481
3 0.9139479166666666 0.4585370370370371 0.03786979166666669 0.21921296296296297
2 0.37622395833333333 0.4768981481481481 0.006812499999999962 0.028555555555555532
2 0.343859375 0.5537592592592592 0.014114583333333286 0.025379629629629707
2 0.39536458333333335 0.5494351851851852 0.017197916666666656 0.028268518518518495
2 0.5233697916666666 0.4225277777777778 0.008437500000000023 0.027111111111111086
1 0.27556250000000004 0.2516203703703704 0.026968749999999986 0.05869444444444443
2 0.2287239583333333 0.3729444444444444 0.006807291666666692 0.013611111111111154
2 0.39339583333333333 0.3039814814814815 0.0031197916666666713 0.013574074074074044
2 0.5700677083333333 0.28862037037037036 0.005473958333333447 0.014796296296296313
2 0.27996354166666665 0.3850648148148148 0.008760416666666633 0.0180092592592593