8 0.5903645833333333 0.7731481481481481 0.0640625 0.2111111111111111
3 0.6424479166666667 0.38842592592592595 0.0765625 0.18981481481481483
3 0.4479166666666667 0.649074074074074 0.08020833333333334 0.2722222222222222
8 0.023177083333333334 0.3476851851851852 0.04635416666666667 0.19166666666666668
3 0.76640625 0.6259259259259259 0.05572916666666667 0.2222222222222222
3 0.2864583333333333 0.7449074074074075 0.05625 0.2712962962962963
8 0.784375 0.36712962962962964 0.040625 0.19537037037037036
3 0.3729166666666667 0.32314814814814813 0.05416666666666667 0.19444444444444445
3 0.8380208333333333 0.7347222222222223 0.06145833333333333 0.21203703703703702
3 0.66171875 0.3263888888888889 0.0421875 0.18981481481481483
3 0.4127604166666667 0.37916666666666665 0.04739583333333333 0.2175925925925926
3 0.24010416666666667 0.5027777777777778 0.07083333333333333 0.2388888888888889
2 0.66171875 0.300462962962963 0.0078125 0.017592592592592594
2 0.45078125 0.587037037037037 0.019270833333333334 0.027777777777777776
2 0.8473958333333333 0.7111111111111111 0.013541666666666667 0.027777777777777776
3 0.208890625 0.5129074074074075 0.05376562500000001 0.2683148148148148
0 0.3953125 0.03333333333333333 0.019791666666666666 0.03333333333333333
2 0.28828125 0.6935185185185185 0.011979166666666667 0.02962962962962963
2 0.4140625 0.33055555555555555 0.009375 0.024074074074074074
2 0.6463541666666667 0.3490740740740741 0.008333333333333333 0.022222222222222223
2 0.3731770833333333 0.2912037037037037 0.009895833333333333 0.021296296296296296
2 0.7627604166666667 0.5851851851851851 0.009895833333333333 0.020370370370370372
9 0.7299479166666667 0.24074074074074073 0.0328125 0.018518518518518517
2 0.23575 0.44830555555555557 0.009828125000000002 0.022351851851851838