3 0.6898697916666666 0.8235648148148148 0.0611718749999999 0.2752592592592593
3 0.5869322916666667 0.5806296296296297 0.0726614583333332 0.2834166666666666
3 0.27128125000000003 0.5882685185185186 0.06354687499999999 0.22257407407407395
3 0.38259895833333335 0.4398796296296297 0.055838541666666686 0.216425925925926
3 0.5949895833333334 0.26923148148148146 0.059791666666666764 0.20935185185185187
3 0.47879166666666667 0.8079722222222221 0.05990104166666666 0.286037037037037
8 0.4633645833333333 0.8954166666666666 0.04408854166666672 0.20856481481481481
3 0.5084895833333333 0.3611574074074074 0.04780729166666665 0.2136203703703704
3 0.6624947916666667 0.6736388888888889 0.0414791666666666 0.24609259259259256
3 0.028921875 0.7042037037037037 0.05784375 0.26055555555555565
8 0.649484375 0.3475185185185185 0.04011979166666677 0.15048148148148147
8 0.086359375 0.34519444444444447 0.04770833333333334 0.2073518518518518
3 0.11314583333333333 0.3911574074074074 0.05525000000000001 0.22444444444444442
9 0.6213125 0.2700648148148148 0.03596354166666676 0.022379629629629593
2 0.6897604166666667 0.766537037037037 0.012505208333333446 0.030138888888888847
2 0.586609375 0.51325 0.012442708333333267 0.02962962962962963
0 0.6078645833333333 0.17785185185185187 0.017171874999999896 0.03352777777777776
2 0.665578125 0.6263333333333334 0.013963541666666638 0.03059259259259256
2 0.46474479166666666 0.7484351851851851 0.01204166666666661 0.030666666666666564
2 0.11079687499999999 0.3510462962962963 0.014781249999999998 0.02077777777777783
2 0.5066875000000001 0.3280740740740741 0.007130208333333362 0.019435185185185194
2 0.248515625 0.549675925925926 0.00902083333333336 0.02637962962962964