8 0.023177083333333334 0.33194444444444443 0.04635416666666667 0.19166666666666668
3 0.2903645833333333 0.7402777777777778 0.06822916666666666 0.2824074074074074
8 0.59921875 0.7694444444444445 0.04635416666666667 0.18888888888888888
3 0.29281770833333337 0.323212962962963 0.08624479166666665 0.1945833333333333
3 0.7364583333333333 0.6157407407407407 0.046875 0.23148148148148148
3 0.3265625 0.524074074074074 0.075 0.22407407407407406
3 0.8260416666666667 0.7171296296296297 0.075 0.20462962962962963
8 0.7817708333333333 0.3648148148148148 0.046875 0.19814814814814816
3 0.3541666666666667 0.4013888888888889 0.052083333333333336 0.21203703703703702
3 0.5963541666666666 0.362962962962963 0.04895833333333333 0.18888888888888888
3 0.421875 0.6439814814814815 0.06770833333333333 0.23981481481481481
3 0.5955729166666667 0.2810185185185185 0.04635416666666667 0.16018518518518518
2 0.2833333333333333 0.6796296296296296 0.0125 0.02962962962962963
2 0.8361979166666667 0.6953703703703704 0.013020833333333334 0.02962962962962963
2 0.7354166666666667 0.5717592592592593 0.010416666666666666 0.023148148148148147
0 0.21432291666666667 0.4601851851851852 0.018229166666666668 0.03148148148148148
9 0.7302083333333333 0.22546296296296298 0.03229166666666667 0.019444444444444445
2 0.16979166666666667 0.4930555555555556 0.007291666666666667 0.025
2 0.6015625 0.25925925925925924 0.007291666666666667 0.014814814814814815
2 0.3567708333333333 0.35185185185185186 0.009375 0.022222222222222223
4 0.1923125 0.5347777777777777 0.06329687499999999 0.22567592592592595