3 0.3445520833333333 0.6434166666666666 0.06983333333333329 0.23868518518518517
3 0.5984375 0.5787037037037037 0.046875 0.22592592592592592
3 0.5346354166666667 0.3453703703703704 0.05260416666666667 0.18333333333333332
3 0.41484375 0.45740740740740743 0.08072916666666667 0.21296296296296297
8 0.7260416666666667 0.7944444444444444 0.03854166666666667 0.17037037037037037
3 0.49166666666666664 0.7185185185185186 0.058333333333333334 0.22407407407407406
3 0.9528645833333333 0.6129629629629629 0.0484375 0.22962962962962963
3 0.3140625 0.5546296296296296 0.046875 0.22037037037037038
2 0.48359375 0.6847222222222222 0.016145833333333335 0.026851851851851852
2 0.3380208333333333 0.5930555555555556 0.020833333333333332 0.028703703703703703
3 0.4036145833333334 0.5167962962962963 0.06435937499999997 0.22725000000000006
8 0.06901041666666667 0.649074074074074 0.0421875 0.22037037037037038
3 0.385703125 0.5268240740740741 0.062031249999999954 0.22701851851851856
2 0.3768229166666667 0.47129629629629627 0.008854166666666666 0.024074074074074074
3 0.38359375 0.31574074074074077 0.04114583333333333 0.17407407407407408
2 0.38307291666666665 0.29074074074074074 0.0067708333333333336 0.016666666666666666
2 0.5328125 0.3148148148148148 0.00625 0.016666666666666666
9 0.328125 0.2916666666666667 0.030208333333333334 0.022222222222222223
2 0.31692708333333336 0.5101851851851852 0.0109375 0.025925925925925925
2 0.6114583333333333 0.5310185185185186 0.007291666666666667 0.025
0 0.33645833333333336 0.3125 0.011458333333333333 0.021296296296296296
1 0.32810937500000004 0.3020277777777778 0.02897395833333339 0.04293518518518519
8 0.7256666666666667 0.35153703703703704 0.03302083333333338 0.1833796296296297