4 0.5922135416666666 0.5278240740740741 0.0492343750000001 0.1855833333333334
3 0.5519583333333333 0.5802222222222222 0.04564583333333332 0.2633425925925927
3 0.47926562500000003 0.6559259259259259 0.0769166666666667 0.24493518518518517
3 0.45897916666666666 0.6371388888888889 0.09128645833333332 0.2238981481481481
3 0.3885052083333333 0.5520462962962963 0.05430729166666666 0.22953703703703707
3 0.29161458333333334 0.34467592592592594 0.045645833333333385 0.17844444444444446
9 0.12414583333333334 0.20474074074074075 0.030218749999999992 0.02178703703703701
3 0.5055729166666667 0.46921296296296294 0.07755208333333338 0.16754629629629633
3 0.5521666666666667 0.37980555555555556 0.052828124999999976 0.1720555555555556
3 0.818109375 0.3674074074074074 0.06909895833333338 0.20136111111111113
8 0.8419895833333333 0.28682407407407406 0.03486458333333336 0.1724351851851852
8 0.23515625 0.7171944444444445 0.05545312500000001 0.2013333333333334
8 0.07041666666666666 0.31504629629629627 0.04225 0.1710833333333333
2 0.38043750000000004 0.5009629629629629 0.014822916666666686 0.034018518518518524
2 0.5420208333333334 0.5279166666666667 0.007546874999999886 0.028509259259259227
0 0.5861510416666668 0.5356296296296297 0.014067708333333448 0.025129629629629724
2 0.5035052083333333 0.4547314814814815 0.006442708333333277 0.012527777777777752
2 0.32539583333333333 0.2311388888888889 0.011026041666666705 0.015500000000000009
3 0.31854166666666667 0.25766666666666665 0.05071874999999994 0.1694166666666667
2 0.8209479166666667 0.3242407407407408 0.005567708333333362 0.022509259259259208