3 0.46119791666666665 0.4375 0.0609375 0.21388888888888888
3 0.3216145833333333 0.5375 0.0609375 0.22685185185185186
3 0.09166666666666666 0.45555555555555555 0.053125 0.20925925925925926
3 0.39348958333333334 0.38935185185185184 0.049479166666666664 0.2101851851851852
8 0.5841145833333333 0.8675925925925926 0.059895833333333336 0.26481481481481484
8 0.68515625 0.4097222222222222 0.04114583333333333 0.1935185185185185
3 0.115625 0.5662037037037037 0.05520833333333333 0.225
8 0.016666666666666666 0.38333333333333336 0.03333333333333333 0.22037037037037038
3 0.5815572916666666 0.4951481481481481 0.06189062499999996 0.23475
3 0.3614583333333333 0.8162037037037037 0.071875 0.2861111111111111
3 0.3859375 0.8069444444444445 0.11875 0.28055555555555556
0 0.5783854166666667 0.19027777777777777 0.018229166666666668 0.032407407407407406
2 0.35182291666666665 0.7620370370370371 0.013020833333333334 0.03333333333333333
2 0.4622395833333333 0.4041666666666667 0.008854166666666666 0.019444444444444445
9 0.6169270833333333 0.2875 0.033854166666666664 0.023148148148148147
2 0.3260416666666667 0.4898148148148148 0.010416666666666666 0.025925925925925925
2 0.39427083333333335 0.3490740740740741 0.013541666666666667 0.018518518518518517
2 0.3221354166666667 0.44027777777777777 0.008854166666666666 0.021296296296296296
2 0.4010416666666667 0.7458333333333333 0.011458333333333333 0.030555555555555555
2 0.5739583333333333 0.4722222222222222 0.009375 0.020370370370370372
2 0.11484375 0.524537037037037 0.009895833333333333 0.021296296296296296
3 0.5734114583333334 0.519287037037037 0.07942708333333333 0.24386111111111117
3 0.32090104166666666 0.4702222222222222 0.04869791666666667 0.21050925925925928
2 0.08822395833333332 0.4171666666666667 0.010036458333333324 0.022685185185185187