3 0.3265625 0.5675925925925925 0.0875 0.2111111111111111
3 0.7674479166666667 0.5486111111111112 0.07864583333333333 0.23796296296296296
3 0.2015625 0.7847222222222222 0.05416666666666667 0.23055555555555557
3 0.5153645833333333 0.3087962962962963 0.0421875 0.20277777777777778
8 0.28854166666666664 0.3537037037037037 0.035416666666666666 0.1648148148148148
3 0.8276041666666667 0.5333333333333333 0.058333333333333334 0.23703703703703705
3 0.46901041666666665 0.39537037037037037 0.049479166666666664 0.19814814814814816
8 0.9716145833333333 0.6027777777777777 0.0359375 0.2222222222222222
3 0.6203125 0.6277777777777778 0.05 0.2111111111111111
8 0.26145833333333335 0.8009259259259259 0.042708333333333334 0.1574074074074074
3 0.7330729166666666 0.7490740740740741 0.05677083333333333 0.23333333333333334
3 0.30546875 0.5106481481481482 0.0609375 0.1824074074074074
0 0.23255208333333333 0.5449074074074074 0.015104166666666667 0.025
2 0.8291666666666667 0.475462962962963 0.016666666666666666 0.025
2 0.20234375 0.7328703703703704 0.016145833333333335 0.026851851851851852
2 0.7338541666666667 0.7060185185185185 0.008333333333333333 0.026851851851851852
2 0.5072916666666667 0.27175925925925926 0.00625 0.017592592592592594
2 0.3255208333333333 0.5217592592592593 0.009375 0.025
9 0.72890625 0.2726851851851852 0.030729166666666665 0.017592592592592594
2 0.75546875 0.5013888888888889 0.009895833333333333 0.025
4 0.21558333333333335 0.5120833333333333 0.056750000000000016 0.18913888888888888
2 0.21359375 0.4552685185185185 0.010713541666666692 0.019879629629629653