3 0.49765625 0.375 0.0640625 0.2222222222222222
3 0.57734375 0.6638888888888889 0.08802083333333334 0.20555555555555555
3 0.2598958333333333 0.6129629629629629 0.0625 0.2222222222222222
3 0.3848958333333333 0.30277777777777776 0.04583333333333333 0.1962962962962963
8 0.13411458333333334 0.29398148148148145 0.0609375 0.18055555555555555
8 0.8598958333333333 0.42824074074074076 0.051041666666666666 0.19722222222222222
3 0.2598958333333333 0.4162037037037037 0.051041666666666666 0.2064814814814815
3 0.5536458333333333 0.25046296296296294 0.0375 0.1935185185185185
3 0.4934895833333333 0.6592592592592592 0.07239583333333334 0.2611111111111111
3 0.19791666666666666 0.3300925925925926 0.04375 0.20462962962962963
8 0.5794270833333334 0.7726851851851851 0.049479166666666664 0.20833333333333334
3 0.63671875 0.3458333333333333 0.034895833333333334 0.2064814814814815
3 0.14635416666666667 0.6319444444444444 0.07708333333333334 0.27870370370370373
2 0.5127604166666667 0.6013888888888889 0.016145833333333335 0.030555555555555555
2 0.3890625 0.2740740740740741 0.007291666666666667 0.018518518518518517
2 0.5567708333333333 0.21851851851851853 0.008333333333333333 0.018518518518518517
9 0.7546875 0.20185185185185187 0.03333333333333333 0.020370370370370372
2 0.12578125 0.5685185185185185 0.008854166666666666 0.027777777777777776
2 0.48723958333333334 0.32592592592592595 0.009895833333333333 0.018518518518518517
2 0.2537552083333333 0.3789351851851852 0.009682291666666683 0.017175925925925883