3 0.30130208333333336 0.31666666666666665 0.043229166666666666 0.2074074074074074
8 0.33098958333333334 0.7976851851851852 0.05572916666666667 0.1638888888888889
3 0.4278645833333333 0.4 0.0734375 0.19814814814814816
3 0.22604166666666667 0.6398148148148148 0.05520833333333333 0.2759259259259259
3 0.10182291666666667 0.6680555555555555 0.06197916666666667 0.2861111111111111
3 0.6848229166666666 0.5876944444444445 0.04184895833333328 0.25891666666666674
3 0.6606041666666667 0.5194814814814814 0.06496354166666668 0.25933333333333325
3 0.37005208333333334 0.4861111111111111 0.07239583333333334 0.21851851851851853
8 0.9901041666666667 0.6296296296296297 0.019791666666666666 0.24814814814814815
2 0.690625 0.5180555555555556 0.0125 0.026851851851851852
2 0.090625 0.6078703703703704 0.010416666666666666 0.028703703703703703
0 0.5828125 0.1574074074074074 0.014583333333333334 0.025925925925925925
2 0.61953125 0.25277777777777777 0.0078125 0.018518518518518517
9 0.7473958333333334 0.2310185185185185 0.035416666666666666 0.019444444444444445
2 0.3768229166666667 0.44305555555555554 0.009895833333333333 0.026851851851851852
2 0.23125 0.5787037037037037 0.010416666666666666 0.02962962962962963
8 0.3455729166666667 0.3087962962962963 0.044270833333333336 0.18611111111111112
3 0.618765625 0.2844537037037037 0.07081250000000001 0.19196296296296297
3 0.681578125 0.6135185185185186 0.050359375000000026 0.11034259259259266
3 0.3645729166666667 0.4671018518518519 0.05418229166666665 0.2140555555555556
2 0.30743229166666663 0.2835185185185185 0.004973958333333309 0.01710185185185188
2 0.6750104166666666 0.45135185185185184 0.011494791666666752 0.02080555555555558