8 0.15444270833333332 0.3598518518518518 0.03699479166666665 0.18287037037037038
8 0.26888541666666665 0.7822685185185185 0.05053124999999999 0.2192222222222222
8 0.74109375 0.3446111111111111 0.04812500000000005 0.19088888888888886
3 0.9218541666666666 0.5424537037037037 0.033083333333333326 0.24650000000000002
3 0.6782343750000001 0.6210555555555556 0.04511458333333328 0.23259259259259263
3 0.6209375 0.459037037037037 0.04541666666666657 0.22511111111111107
3 0.541984375 0.5756018518518519 0.042109374999999956 0.23794444444444446
3 0.621234375 0.37428703703703703 0.04541666666666657 0.19035185185185188
3 0.38844270833333333 0.2972962962962963 0.041807291666666656 0.18607407407407411
3 0.28678125 0.4494166666666667 0.05022916666666669 0.22511111111111118
3 0.24361979166666667 0.51625 0.05654687499999997 0.20050925925925922
6 0.2189583333333333 0.4023611111111111 0.046921875000000016 0.22297222222222227
3 0.05233333333333333 0.5753333333333334 0.05895312499999999 0.2502407407407407
2 0.254 0.48397222222222225 0.011020833333333317 0.030398148148148132
9 0.20338541666666668 0.2508796296296296 0.02947395833333335 0.019648148148148175
2 0.38795833333333335 0.27411111111111114 0.006546874999999967 0.013712962962962913
0 0.20041666666666666 0.3470925925925926 0.014437500000000015 0.02762962962962966
2 0.062031249999999996 0.5481481481481482 0.00694270833333334 0.020009259259259168
2 0.61696875 0.34347222222222223 0.008583333333333342 0.01881481481481486
2 0.6304739583333333 0.41732407407407407 0.008614583333333314 0.027509259259259292
2 0.6853229166666667 0.579925925925926 0.008458333333333219 0.024814814814814772