8 0.41084375 0.9017592592592593 0.06067708333333333 0.19648148148148153
8 0.8959843749999999 0.4296388888888889 0.047817708333333306 0.17916666666666667
8 0.2794635416666667 0.4216388888888889 0.04061979166666667 0.16317592592592595
9 0.31276041666666665 0.3297685185185185 0.033682291666666704 0.026962962962962966
3 0.460203125 0.4369537037037038 0.043192708333333364 0.17916666666666672
3 0.5215208333333333 0.36474074074074075 0.04396354166666671 0.19379629629629636
3 0.7359427083333333 0.5583055555555556 0.057848958333333415 0.21710185185185188
3 0.774765625 0.5439074074074074 0.05579166666666661 0.26326851851851846
3 0.5854114583333333 0.7984907407407408 0.05398958333333326 0.26966666666666667
3 0.550703125 0.8757037037037037 0.06787500000000003 0.24859259259259261
3 0.3981145833333333 0.7248981481481481 0.043447916666666704 0.23036111111111107
3 0.49067187500000004 0.7054814814814815 0.07327083333333337 0.16042592592592592
3 0.49902604166666664 0.6949629629629629 0.06016145833333333 0.2381296296296297
3 0.5319375000000001 0.6110925925925926 0.06427604166666671 0.22396296296296306
2 0.5839895833333333 0.7338703703703704 0.023697916666666666 0.03226851851851843
2 0.4970104166666667 0.6454259259259258 0.01512499999999998 0.033462962962963055
0 0.5338541666666666 0.14675925925925926 0.01804166666666666 0.03434259259259262
2 0.5241822916666666 0.3356388888888889 0.006406249999999976 0.015462962962963005
2 0.530078125 0.5545 0.01051041666666664 0.02778703703703703
2 0.7314270833333333 0.5150277777777778 0.016656250000000008 0.020074074074074133
2 0.4631354166666667 0.40275000000000005 0.006593750000000042 0.01630555555555557