3 0.5755208333333334 0.4263888888888889 0.065625 0.20277777777777778
3 0.19739583333333333 0.8356481481481481 0.0625 0.262037037037037
3 0.184859375 0.4152777777777778 0.06777604166666666 0.2101851851851852
3 0.36666666666666664 0.6365740740740741 0.05 0.21574074074074073
3 0.85 0.7282407407407407 0.052083333333333336 0.23796296296296296
3 0.7609479166666666 0.5653518518518519 0.06796354166666656 0.2381111111111112
8 0.32473958333333336 0.8013888888888889 0.0328125 0.15648148148148147
8 0.35625 0.36435185185185187 0.04479166666666667 0.18796296296296297
3 0.56015625 0.3902777777777778 0.0796875 0.18796296296296297
2 0.7473958333333334 0.5162037037037037 0.0125 0.021296296296296296
3 0.7658854166666667 0.6759259259259259 0.034895833333333334 0.22962962962962963
2 0.5799479166666667 0.37916666666666665 0.015104166666666667 0.023148148148148147
2 0.85234375 0.6851851851851852 0.011979166666666667 0.025925925925925925
2 0.18255208333333334 0.375 0.013020833333333334 0.018518518518518517
3 0.7305677083333334 0.5577222222222222 0.041343750000000054 0.2191481481481482
2 0.1875 0.7856481481481481 0.014583333333333334 0.030555555555555555
0 0.67265625 0.17962962962962964 0.015104166666666667 0.03148148148148148
2 0.5596354166666667 0.3625 0.0078125 0.01574074074074074
9 0.725 0.30324074074074076 0.03125 0.017592592592592594
8 0.98828125 0.7045277777777778 0.0234375 0.15205555555555558
3 0.18428125 0.3972222222222222 0.06680208333333333 0.1591296296296297