8 0.5880208333333333 0.774074074074074 0.06875 0.20925925925925926
3 0.5447916666666667 0.5444444444444444 0.07604166666666666 0.2537037037037037
8 0.028645833333333332 0.34953703703703703 0.053125 0.1935185185185185
3 0.15533854166666666 0.5253981481481481 0.08125 0.2825370370370371
3 0.42161458333333335 0.37175925925925923 0.0515625 0.2064814814814815
3 0.24557291666666667 0.7379629629629629 0.0609375 0.2851851851851852
3 0.71953125 0.40370370370370373 0.0578125 0.18888888888888888
3 0.78359375 0.7333333333333333 0.059895833333333336 0.25
3 0.10520833333333333 0.4875 0.08125 0.24166666666666667
3 0.7575520833333333 0.6231481481481481 0.06197916666666667 0.22592592592592592
3 0.3924479166666667 0.3425925925925926 0.058854166666666666 0.20185185185185187
8 0.7752604166666667 0.35462962962962963 0.0359375 0.17962962962962964
2 0.5458333333333333 0.48935185185185187 0.014583333333333334 0.030555555555555555
2 0.24427083333333333 0.6796296296296296 0.0125 0.027777777777777776
2 0.7950520833333333 0.6888888888888889 0.011979166666666667 0.02962962962962963
0 0.6927083333333334 0.16296296296296298 0.017708333333333333 0.03148148148148148
3 0.7557291666666667 0.3800925925925926 0.06770833333333333 0.1935185185185185
2 0.76015625 0.5717592592592593 0.0109375 0.028703703703703703
2 0.13359375 0.5138888888888888 0.011979166666666667 0.024074074074074074
9 0.7294270833333333 0.24212962962962964 0.033854166666666664 0.017592592592592594
2 0.39114583333333336 0.31203703703703706 0.009375 0.020370370370370372
2 0.7133645833333334 0.3610185185185185 0.009911458333333437 0.02189814814814813