3 0.68684375 0.8287592592592592 0.06091145833333324 0.2852037037037037
3 0.593796875 0.5629259259259259 0.06353125000000001 0.2825833333333334
3 0.224765625 0.5847037037037037 0.06435937500000002 0.25107407407407417
3 0.49546874999999996 0.3531944444444444 0.07537500000000001 0.20938888888888887
3 0.482875 0.8227129629629629 0.06997916666666662 0.2953796296296295
3 0.39759375 0.44178703703703703 0.046151041666666615 0.23030555555555557
8 0.6599531249999999 0.3310925925925926 0.04364062499999998 0.17468518518518517
8 0.4414895833333333 0.908175925925926 0.043843750000000035 0.18364814814814806
3 0.6640260416666667 0.6724444444444444 0.05585416666666655 0.24951851851851853
3 0.08013541666666667 0.38952777777777775 0.05646354166666666 0.22833333333333336
2 0.5937916666666666 0.4987407407407407 0.010859374999999952 0.029037037037036945
9 0.6283229166666667 0.25960185185185186 0.03427604166666664 0.024046296296296323
2 0.6675104166666667 0.6325462962962963 0.013546875000000114 0.0327499999999999
2 0.4721666666666666 0.7641481481481481 0.011156250000000038 0.034194444444444506
2 0.6919895833333333 0.7686203703703703 0.00983333333333339 0.03287037037037037
8 0.05711458333333333 0.33875 0.04299479166666667 0.2193425925925926
2 0.48669270833333333 0.3255462962962963 0.0075937499999999625 0.01956481481481481
2 0.39816666666666667 0.4041111111111111 0.007942708333333333 0.024148148148148186
2 0.07882291666666667 0.34605555555555556 0.014932291666666675 0.02212962962962961
0 0.6268333333333334 0.25792592592592595 0.015953125000000058 0.024231481481481444
3 0.6226614583333333 0.23739814814814814 0.039484374999999974 0.21779629629629632
3 0.01446875 0.7809722222222223 0.0289375 0.0864537037037036
1 0.6281770833333333 0.28905555555555557 0.03627604166666672 0.08499074074074071