3 0.22572916666666665 0.7392222222222222 0.10556770833333336 0.23580555555555563
2 0.21657291666666667 0.732 0.014260416666666664 0.030222222222222313
0 0.26678125 0.6507222222222222 0.019343750000000024 0.03994444444444454
3 0.29266666666666663 0.5006759259259259 0.05782812499999999 0.2191666666666667
3 0.31191145833333334 0.37875925925925924 0.05802604166666671 0.16428703703703698
3 0.361734375 0.4183611111111111 0.05411979166666671 0.22124999999999995
3 0.3869375 0.4438888888888889 0.06193229166666671 0.21673148148148141
3 0.39914583333333337 0.5149166666666667 0.05743749999999999 0.21013888888888893
3 0.45825 0.551212962962963 0.09709895833333336 0.21256481481481476
8 0.497078125 0.7997685185185185 0.07643749999999999 0.1648518518518518
3 0.7247083333333334 0.41255555555555556 0.06877083333333331 0.2304537037037037
3 0.886328125 0.6536666666666667 0.0896145833333333 0.22874999999999995
3 0.969640625 0.5145833333333333 0.06071874999999996 0.25558333333333333
8 0.25940104166666667 0.313462962962963 0.04485416666666667 0.19359259259259262
9 0.336421875 0.21189814814814814 0.03300520833333328 0.020564814814814796
2 0.724671875 0.3765462962962963 0.008401041666666723 0.021314814814814797