8 0.5888020833333333 0.7689814814814815 0.06822916666666666 0.2212962962962963
8 0.023177083333333334 0.34953703703703703 0.04635416666666667 0.19166666666666668
3 0.7651041666666667 0.6273148148148148 0.057291666666666664 0.2212962962962963
3 0.3885416666666667 0.3333333333333333 0.053125 0.1925925925925926
3 0.46510416666666665 0.6231481481481481 0.06354166666666666 0.2537037037037037
3 0.28020833333333334 0.7444444444444445 0.06041666666666667 0.2722222222222222
8 0.7838541666666666 0.36157407407407405 0.04375 0.18981481481481483
3 0.6611979166666667 0.3875 0.0515625 0.18425925925925926
3 0.421875 0.37824074074074077 0.052083333333333336 0.2175925925925926
3 0.8361979166666667 0.7282407407407407 0.05677083333333333 0.20462962962962963
3 0.6713541666666667 0.3421296296296296 0.04583333333333333 0.19907407407407407
3 0.203703125 0.507787037037037 0.05587499999999999 0.2742777777777778
2 0.8421875 0.7087962962962963 0.013541666666666667 0.028703703703703703
2 0.46979166666666666 0.5652777777777778 0.01875 0.028703703703703703
2 0.2825520833333333 0.6935185185185185 0.011979166666666667 0.02962962962962963
2 0.41770833333333335 0.33425925925925926 0.009375 0.024074074074074074
2 0.67421875 0.31203703703703706 0.0078125 0.016666666666666666
2 0.6575520833333334 0.3458333333333333 0.008854166666666666 0.021296296296296296
9 0.7296875 0.24212962962962964 0.03333333333333333 0.019444444444444445
0 0.47265625 0.008333333333333333 0.019270833333333334 0.016666666666666666
2 0.7640625 0.586574074074074 0.008333333333333333 0.021296296296296296
2 0.38723958333333336 0.30462962962962964 0.009895833333333333 0.020370370370370372
3 0.215 0.49851851851851847 0.0780260416666667 0.2316018518518518
2 0.19173437499999998 0.4932962962962963 0.012104166666666671 0.023092592592592644