0 0.28321874999999996 0.16491666666666668 0.018130208333333304 0.03130555555555556
9 0.2661041666666667 0.2033888888888889 0.03851041666666664 0.02337962962962963
8 0.19734374999999998 0.3363055555555555 0.048281250000000026 0.2170833333333333
3 0.26269791666666664 0.4541944444444444 0.05798437499999999 0.28884259259259265
3 0.29066145833333334 0.434574074074074 0.072703125 0.2893703703703703
3 0.33628125 0.42567592592592596 0.05092187499999999 0.2757592592592592
3 0.39661979166666667 0.6051574074074074 0.06858333333333337 0.2851851851851852
3 0.380140625 0.5264074074074074 0.06917187499999997 0.2825648148148149
3 0.41384375 0.4026574074074074 0.10596354166666669 0.23703703703703705
3 0.5704322916666666 0.34431481481481485 0.06357812500000008 0.2490740740740741
3 0.7928020833333334 0.3948055555555555 0.06210416666666655 0.24123148148148146
3 0.9554270833333334 0.40631481481481485 0.05886979166666677 0.2632037037037038
3 0.8266510416666667 0.7511574074074074 0.07329166666666656 0.37518518518518523
8 0.24871875 0.8497870370370371 0.06769791666666665 0.29512037037037037
2 0.401859375 0.5463796296296296 0.017421875000000024 0.034407407407407484
2 0.38594270833333333 0.46799074074074076 0.016562499999999977 0.03212037037037031
2 0.8388854166666667 0.6683425925925925 0.011401041666666601 0.03976851851851856
2 0.5719895833333334 0.3026944444444445 0.014260416666666723 0.019314814814814826
2 0.4108958333333333 0.36779629629629634 0.006171874999999953 0.01615740740740745
2 0.79275 0.3535 0.005479166666666657 0.01684259259259264
2 0.30831250000000004 0.3691851851851852 0.009171874999999947 0.028944444444444436