4 0.77109375 0.4503796296296296 0.051020833333333356 0.19766666666666663
3 0.5909427083333333 0.5729814814814815 0.06016666666666666 0.24020370370370378
3 0.5170520833333333 0.6408518518518519 0.0594635416666667 0.2508333333333332
3 0.3421822916666667 0.7446851851851852 0.06439062500000006 0.24833333333333338
3 0.32124479166666664 0.5520277777777778 0.05700000000000003 0.20079629629629636
3 0.444921875 0.31557407407407406 0.04468749999999998 0.1807777777777778
3 0.4567083333333333 0.22674999999999998 0.0422239583333333 0.19328703703703703
3 0.5664895833333333 0.45475925925925925 0.07036979166666674 0.18390740740740746
3 0.611703125 0.5423240740740741 0.06790625000000006 0.24645370370370376
8 0.8618697916666667 0.3068148148148148 0.043276041666666744 0.18577777777777776
8 0.43172916666666666 0.7997314814814815 0.05700000000000003 0.23832407407407397
8 0.24999479166666666 0.31307407407407406 0.04116666666666665 0.1557592592592593
9 0.2913385416666667 0.2098611111111111 0.036593749999999994 0.026898148148148157
2 0.5195572916666666 0.5861574074074074 0.019822916666666638 0.03494444444444445
2 0.5914791666666667 0.5284722222222222 0.019994791666666602 0.03644444444444435
0 0.762578125 0.36779629629629634 0.017703124999999886 0.03574074074074076
3 0.5036666666666666 0.6219722222222223 0.11308333333333327 0.1132222222222222
2 0.45663020833333334 0.19496296296296298 0.006375000000000005 0.016361111111111125
2 0.48249479166666664 0.6041666666666666 0.007411458333333343 0.01679629629629639