3 0.590328125 0.5643796296296296 0.06641145833333345 0.28298148148148144
3 0.6875729166666668 0.8267592592592592 0.058124999999999954 0.28253703703703714
3 0.4986770833333333 0.3528888888888889 0.0688177083333334 0.21086111111111114
3 0.23146875 0.5836203703703703 0.05772395833333335 0.24766666666666667
3 0.4839010416666667 0.8234444444444445 0.06812499999999998 0.2936481481481482
3 0.3950260416666667 0.43908333333333327 0.045921875000000036 0.2250092592592592
8 0.4438541666666667 0.9063611111111111 0.042703125 0.18727777777777777
3 0.08533854166666667 0.3927962962962963 0.05293749999999999 0.22959259259259263
8 0.65940625 0.33310185185185187 0.04431249999999996 0.17158333333333328
3 0.6624114583333333 0.6726203703703704 0.05252083333333341 0.24896296296296286
2 0.5919739583333333 0.49955555555555553 0.011203125000000114 0.029583333333333375
8 0.061640625 0.3407037037037037 0.042546875 0.2163796296296296
2 0.6683020833333334 0.6309351851851852 0.013640625000000028 0.032370370370370403
2 0.47166145833333334 0.7644074074074073 0.010671875000000004 0.03382407407407405
2 0.083 0.34671296296296295 0.016098958333333347 0.022185185185185217
2 0.6920677083333333 0.7681851851851852 0.009489583333333228 0.03170370370370371
2 0.4902708333333334 0.32635185185185184 0.00813541666666661 0.019833333333333297
9 0.6287135416666667 0.26087037037037036 0.03352604166666661 0.02271296296296294
0 0.633703125 0.2590925925925926 0.01648958333333326 0.02662962962962962
3 0.618890625 0.2390925925925926 0.036640624999999954 0.2166759259259259
3 0.017942708333333335 0.7433888888888889 0.03588541666666667 0.15750925925925915
2 0.3970625 0.40591666666666665 0.0058229166666667 0.02109259259259257