3 0.9005208333333333 0.5300925925925926 0.084375 0.22314814814814815
3 0.5916666666666667 0.4930555555555556 0.06875 0.20462962962962963
3 0.44296875 0.38657407407407407 0.05572916666666667 0.18981481481481483
3 0.24244791666666668 0.6074074074074074 0.0609375 0.22592592592592592
8 0.684375 0.2935185185185185 0.040625 0.1685185185185185
3 0.7111979166666667 0.31805555555555554 0.04739583333333333 0.1824074074074074
3 0.5330729166666667 0.5254629629629629 0.07239583333333334 0.22314814814814815
8 0.11927083333333334 0.5703703703703704 0.028125 0.21481481481481482
0 0.38958333333333334 0.38333333333333336 0.017708333333333333 0.02962962962962963
8 0.73984375 0.7851851851851852 0.0578125 0.19074074074074074
2 0.4513020833333333 0.36157407407407405 0.0078125 0.017592592592592594
2 0.39895833333333336 0.4861111111111111 0.013541666666666667 0.025925925925925925
3 0.14966666666666667 0.6904814814814815 0.04320312500000001 0.21357407407407414
9 0.3421875 0.22083333333333333 0.029166666666666667 0.021296296296296296
2 0.7096354166666666 0.28379629629629627 0.0067708333333333336 0.01574074074074074
2 0.14479166666666668 0.6587962962962963 0.009375 0.030555555555555555
5 0.39620833333333333 0.5088518518518518 0.05899479166666666 0.263787037037037
2 0.5940104166666667 0.46111111111111114 0.011979166666666667 0.020370370370370372
3 0.74115625 0.7743981481481482 0.09298958333333332 0.0930277777777778
3 0.38807291666666666 0.5283055555555556 0.07109895833333332 0.18263888888888888