3 0.06952083333333332 0.6144907407407407 0.054505208333333346 0.2541018518518519
3 0.263546875 0.633361111111111 0.08077604166666666 0.25200000000000006
3 0.48308854166666665 0.5908981481481481 0.08486458333333337 0.209537037037037
3 0.394453125 0.39309259259259255 0.04463020833333336 0.20506481481481478
3 0.4249427083333333 0.3715740740740741 0.04651562499999997 0.19780555555555554
3 0.4307552083333333 0.30424999999999996 0.041171874999999976 0.20171296296296298
3 0.54971875 0.19333333333333336 0.04085937499999996 0.18998148148148147
3 0.7181875000000001 0.2003148148148148 0.0433750000000001 0.1860648148148148
3 0.5347916666666667 0.5081944444444445 0.053744791666666694 0.2654166666666666
3 0.5302343749999999 0.47941666666666666 0.05154687499999996 0.2581481481481481
3 0.5963958333333333 0.6883981481481481 0.06254687500000007 0.20562962962962955
3 0.623421875 0.7736111111111111 0.05940624999999997 0.28552777777777766
0 0.5352604166666667 0.6582222222222223 0.02326041666666665 0.04246296296296287
2 0.5439843750000001 0.4499814814814815 0.009932291666666752 0.025509259259259218
8 0.026963541666666667 0.5663055555555556 0.053927083333333334 0.24074074074074073
9 0.3628177083333333 0.1600277777777778 0.035911458333333354 0.02374074074074073
2 0.5541510416666667 0.16112962962962965 0.007583333333333305 0.019657407407407426
2 0.437828125 0.26737037037037037 0.00880729166666671 0.020907407407407444
2 0.4317604166666667 0.3444074074074074 0.006661458333333314 0.017759259259259214
2 0.49196875 0.5596203703703704 0.009302083333333282 0.023342592592592627