8 0.5880208333333333 0.774074074074074 0.06875 0.20925925925925926
3 0.23645833333333333 0.7361111111111112 0.059375 0.28888888888888886
3 0.76953125 0.7328703703703704 0.08385416666666666 0.2490740740740741
3 0.5796875 0.5310185185185186 0.057291666666666664 0.25462962962962965
3 0.05911458333333333 0.4824074074074074 0.0609375 0.2462962962962963
8 0.030729166666666665 0.3449074074074074 0.042708333333333334 0.19722222222222222
3 0.7411458333333333 0.5953703703703703 0.06145833333333333 0.21851851851851853
3 0.7518229166666667 0.4217592592592593 0.05677083333333333 0.18611111111111112
3 0.4083333333333333 0.3712962962962963 0.05 0.2074074074074074
3 0.7716145833333333 0.3888888888888889 0.06510416666666667 0.19444444444444445
2 0.5768229166666666 0.4777777777777778 0.0171875 0.027777777777777776
3 0.37265625 0.35509259259259257 0.0515625 0.20277777777777778
2 0.096875 0.5106481481481482 0.0125 0.025
3 0.09973958333333334 0.5314814814814814 0.0546875 0.30185185185185187
0 0.7333333333333333 0.3087962962962963 0.015625 0.028703703703703703
2 0.7723958333333333 0.6856481481481481 0.013541666666666667 0.030555555555555555
2 0.23177083333333334 0.674537037037037 0.011458333333333333 0.028703703703703703
9 0.7299479166666667 0.24212962962962964 0.033854166666666664 0.019444444444444445
2 0.7390625 0.5546296296296296 0.0125 0.02962962962962963
2 0.38177083333333334 0.3236111111111111 0.008333333333333333 0.017592592592592594
8 0.776390625 0.3550277777777778 0.0329739583333333 0.16731481481481475