3 0.2015625 0.8319444444444445 0.07291666666666667 0.262037037037037
3 0.3848958333333333 0.6513888888888889 0.04895833333333333 0.22314814814814815
3 0.7830729166666667 0.6763888888888889 0.06197916666666667 0.2324074074074074
3 0.8403645833333333 0.725462962962963 0.06614583333333333 0.23796296296296296
8 0.35833333333333334 0.3685185185185185 0.04375 0.17592592592592593
8 0.30911458333333336 0.8023148148148148 0.033854166666666664 0.15648148148148147
3 0.576109375 0.4361759259259259 0.07069791666666655 0.20012962962962963
2 0.5627604166666667 0.3921296296296296 0.015104166666666667 0.025
3 0.16536458333333334 0.4101851851851852 0.049479166666666664 0.21666666666666667
0 0.7377604166666667 0.3490740740740741 0.016145833333333335 0.027777777777777776
2 0.75625 0.5148148148148148 0.013541666666666667 0.020370370370370372
2 0.18802083333333333 0.7842592592592592 0.014583333333333334 0.02962962962962963
2 0.16927083333333334 0.36342592592592593 0.0125 0.017592592592592594
3 0.7629895833333333 0.5657685185185185 0.06305729166666675 0.23709259259259255
2 0.8559895833333333 0.6805555555555556 0.009895833333333333 0.024074074074074074
3 0.7353177083333333 0.5637037037037037 0.0518802083333334 0.21260185185185193
9 0.7263020833333333 0.3023148148148148 0.030729166666666665 0.019444444444444445
8 0.9947916666666666 0.7246666666666667 0.010416666666666666 0.1617777777777778
2 0.7682291666666666 0.6305555555555555 0.008333333333333333 0.027777777777777776
3 0.12526041666666668 0.39675925925925926 0.0765625 0.16944444444444445
3 0.5401354166666666 0.41180555555555554 0.04276041666666662 0.18607407407407411
2 0.10342708333333334 0.36062037037037037 0.009015625000000001 0.01772222222222221
2 0.37655208333333334 0.6014814814814815 0.007171874999999991 0.026120370370370405