8 0.5880208333333333 0.774074074074074 0.06875 0.20925925925925926
8 0.028645833333333332 0.34814814814814815 0.053125 0.1962962962962963
3 0.5536458333333333 0.5425925925925926 0.08229166666666667 0.25
3 0.24192708333333332 0.7361111111111112 0.059895833333333336 0.2851851851851852
3 0.7528645833333333 0.6175925925925926 0.059895833333333336 0.23333333333333334
3 0.3893229166666667 0.3435185185185185 0.059895833333333336 0.20185185185185187
3 0.7778645833333333 0.7319444444444444 0.0671875 0.25092592592592594
3 0.42083333333333334 0.37175925925925923 0.053125 0.2064814814814815
3 0.13984375 0.5268518518518519 0.0703125 0.2851851851851852
3 0.7294270833333333 0.40370370370370373 0.0515625 0.18333333333333332
3 0.09192708333333334 0.48518518518518516 0.05364583333333333 0.24259259259259258
2 0.12239583333333333 0.5111111111111111 0.0125 0.025925925925925925
2 0.5552083333333333 0.4912037037037037 0.015625 0.028703703703703703
2 0.24140625 0.6791666666666667 0.013020833333333334 0.028703703703703703
3 0.7666666666666667 0.38472222222222224 0.06875 0.20277777777777778
2 0.7893229166666667 0.6875 0.011979166666666667 0.028703703703703703
0 0.7161458333333334 0.20555555555555555 0.017708333333333333 0.03518518518518519
2 0.75390625 0.5685185185185185 0.011979166666666667 0.027777777777777776
9 0.7296875 0.24212962962962964 0.03333333333333333 0.017592592592592594
8 0.7763020833333333 0.35462962962962963 0.033854166666666664 0.1814814814814815
2 0.39036458333333335 0.3148148148148148 0.009895833333333333 0.020370370370370372
2 0.7203854166666667 0.35998148148148146 0.010260416666666572 0.02111111111111107