3 0.57578125 0.4361111111111111 0.07447916666666667 0.18888888888888888
3 0.19973958333333333 0.8337962962962963 0.06822916666666666 0.2601851851851852
3 0.7744791666666667 0.6773148148148148 0.05520833333333333 0.22870370370370371
3 0.8442708333333333 0.7273148148148149 0.06041666666666667 0.23796296296296296
8 0.35859375 0.3699074074074074 0.0421875 0.175
3 0.5494791666666666 0.3976851851851852 0.05 0.17685185185185184
3 0.38046875 0.649074074074074 0.044270833333333336 0.22777777777777777
3 0.7341822916666667 0.5624814814814815 0.047526041666666664 0.21055555555555558
2 0.7505208333333333 0.5143518518518518 0.013541666666666667 0.021296296296296296
2 0.8541666666666666 0.6819444444444445 0.010416666666666666 0.025
2 0.5755208333333334 0.3962962962962963 0.015625 0.022222222222222223
2 0.18776041666666668 0.7847222222222222 0.015104166666666667 0.030555555555555555
2 0.17395833333333333 0.36435185185185187 0.0125 0.017592592592592594
3 0.17005208333333333 0.41064814814814815 0.0546875 0.2175925925925926
0 0.7263020833333333 0.2949074074074074 0.015104166666666667 0.028703703703703703
2 0.5453125 0.37407407407407406 0.008333333333333333 0.014814814814814815
3 0.7622083333333334 0.5654259259259259 0.06751562500000005 0.23367592592592598
9 0.7244791666666667 0.3023148148148148 0.030208333333333334 0.017592592592592594
8 0.31588541666666664 0.8004629629629629 0.03177083333333333 0.15833333333333333
3 0.147265625 0.4028148148148148 0.052359374999999986 0.16363888888888886
2 0.12872395833333333 0.36762962962962964 0.009406250000000001 0.01858333333333338
8 0.9911458333333333 0.7168981481481481 0.017708333333333333 0.1550925925925926