3 0.48723958333333334 0.7282407407407407 0.050520833333333334 0.23981481481481481
3 0.9395833333333333 0.6143518518518518 0.06145833333333333 0.22314814814814815
3 0.3346354166666667 0.6518518518518519 0.07239583333333334 0.2462962962962963
3 0.5354166666666667 0.3453703703703704 0.053125 0.18333333333333332
8 0.7291666666666666 0.7953703703703704 0.03958333333333333 0.1685185185185185
3 0.4079166666666667 0.45437037037037037 0.07374999999999995 0.20793518518518514
3 0.6033854166666667 0.5782407407407407 0.043229166666666666 0.22314814814814815
2 0.4783854166666667 0.687037037037037 0.016145833333333335 0.027777777777777776
3 0.31640625 0.5578703703703703 0.04739583333333333 0.2212962962962963
8 0.06953125 0.649537037037037 0.043229166666666666 0.2212962962962963
3 0.40691666666666665 0.522425925925926 0.061166666666666696 0.23107407407407402
3 0.38385416666666666 0.3175925925925926 0.03958333333333333 0.17222222222222222
2 0.33515625 0.5986111111111111 0.019270833333333334 0.028703703703703703
3 0.384640625 0.5238518518518518 0.06719270833333332 0.231037037037037
2 0.5328125 0.31805555555555554 0.00625 0.017592592592592594
2 0.37395833333333334 0.47129629629629627 0.007291666666666667 0.024074074074074074
9 0.328125 0.29074074074074074 0.03229166666666667 0.018518518518518517
2 0.321875 0.5162037037037037 0.010416666666666666 0.025
2 0.6161458333333333 0.5328703703703703 0.008333333333333333 0.025
1 0.32734375 0.31342592592592594 0.033854166666666664 0.06759259259259259
2 0.3841145833333333 0.29212962962962963 0.0067708333333333336 0.017592592592592594
2 0.9625 0.5745370370370371 0.008333333333333333 0.028703703703703703
8 0.7270833333333333 0.35324074074074074 0.0375 0.1824074074074074
0 0.3253333333333333 0.3079074074074074 0.014859374999999985 0.026175925925925908