5 0.21405208333333334 0.634462962962963 0.05075000000000003 0.29148148148148145
0 0.21714583333333334 0.5095092592592593 0.023098958333333346 0.04048148148148151
9 0.35380729166666663 0.21271296296296296 0.03200000000000003 0.02560185185185183
3 0.228671875 0.3630555555555556 0.047770833333333346 0.20112962962962966
8 0.2738125 0.3008888888888889 0.040223958333333344 0.16456481481481483
3 0.2994114583333333 0.5674351851851852 0.0557708333333333 0.2734629629629629
3 0.29346875 0.49145370370370367 0.06216666666666664 0.2222592592592592
8 0.46306250000000004 0.7303703703703703 0.05668229166666663 0.16862962962962952
3 0.3813489583333334 0.4524444444444444 0.04822395833333329 0.21900925925925924
3 0.36957812500000004 0.4164814814814815 0.04891145833333337 0.21860185185185188
3 0.35701041666666666 0.3756481481481481 0.047541666666666656 0.21169444444444444
3 0.5936822916666666 0.42359259259259263 0.06193750000000004 0.2084444444444444
3 0.7829270833333334 0.5012037037037037 0.06925520833333323 0.22388888888888886
3 0.7548177083333333 0.6738981481481481 0.05828125000000005 0.23282407407407413
2 0.2133385416666667 0.6265833333333334 0.010817708333333323 0.02643518518518514
2 0.29446354166666666 0.5381111111111111 0.008890624999999966 0.01875
2 0.24124479166666665 0.3279814814814815 0.005541666666666659 0.017222222222222243
2 0.3580416666666667 0.3430833333333333 0.0066770833333333005 0.019305555555555576
2 0.36863541666666666 0.38200925925925927 0.006203125000000043 0.02015740740740739
2 0.37785416666666666 0.4090740740740741 0.007208333333333291 0.021703703703703753
2 0.59321875 0.3899444444444444 0.00735416666666661 0.02007407407407403