9 0.3092135416666667 0.1784351851851852 0.036906249999999946 0.023157407407407397
3 0.39113020833333334 0.21674074074074073 0.04208333333333331 0.17813888888888885
3 0.41220312499999995 0.32971296296296293 0.037484375000000014 0.19335185185185186
3 0.5645885416666666 0.3431944444444444 0.05632812500000005 0.20136111111111113
3 0.6561458333333333 0.5332685185185184 0.07434895833333334 0.2275833333333333
4 0.5815885416666667 0.6585277777777778 0.07598958333333337 0.21737962962962962
0 0.5929583333333334 0.7400925925925925 0.021713541666666693 0.036777777777777805
3 0.5340729166666667 0.6241111111111111 0.10589062499999997 0.22867592592592595
3 0.32423437499999996 0.6146481481481482 0.06185416666666666 0.21556481481481476
3 0.23216666666666666 0.7167870370370371 0.0653385416666667 0.24505555555555564
8 0.06841145833333333 0.5425462962962964 0.04423958333333333 0.21847222222222226
8 0.6806197916666666 0.8089074074074074 0.04219270833333345 0.24287037037037032
8 0.706734375 0.2314074074074074 0.03871354166666663 0.17296296296296299
3 0.7880520833333333 0.4755462962962963 0.07885416666666671 0.22284259259259262
2 0.21897916666666667 0.6702037037037037 0.012088541666666685 0.03420370370370376
3 0.6725729166666666 0.2557962962962963 0.05041666666666676 0.1776203703703704
2 0.5969895833333333 0.6344907407407407 0.007734374999999952 0.023657407407407367
2 0.6714322916666667 0.22427777777777777 0.012171874999999943 0.014981481481481488
2 0.32280729166666666 0.5722222222222222 0.009390624999999986 0.018388888888888795
2 0.6702343749999999 0.4831666666666667 0.014427083333333238 0.03373148148148149
2 0.5691510416666666 0.30647222222222226 0.00794791666666678 0.017462962962962975
2 0.39224479166666665 0.18612037037037035 0.006588541666666714 0.01662037037037036
2 0.7986249999999999 0.4407685185185185 0.007505208333333258 0.018416666666666654