3 0.09296875 0.6791666666666667 0.11302083333333333 0.25092592592592594
3 0.29375 0.5902777777777778 0.075 0.23981481481481481
3 0.20208333333333334 0.4685185185185185 0.07291666666666667 0.23148148148148148
3 0.6486979166666667 0.6236111111111111 0.06822916666666666 0.2175925925925926
8 0.7276041666666667 0.7481481481481481 0.04583333333333333 0.19074074074074074
3 0.72578125 0.3402777777777778 0.05572916666666667 0.18425925925925926
3 0.5640625 0.737037037037037 0.06875 0.21666666666666667
3 0.746875 0.28379629629629627 0.04583333333333333 0.1787037037037037
3 0.4869791666666667 0.4685185185185185 0.04583333333333333 0.21851851851851853
8 0.9200520833333333 0.33935185185185185 0.03697916666666667 0.1675925925925926
0 0.36953125 0.300462962962963 0.016145833333333335 0.030555555555555555
2 0.7403645833333333 0.25416666666666665 0.0078125 0.017592592592592594
3 0.48984375 0.42083333333333334 0.0578125 0.18425925925925926
9 0.8924479166666667 0.2412037037037037 0.030729166666666665 0.019444444444444445
2 0.6627604166666666 0.5805555555555556 0.008854166666666666 0.025925925925925925
4 0.35571875000000003 0.3903518518518519 0.044734375000000055 0.21250925925925931
2 0.29119791666666667 0.5415462962962962 0.01076041666666671 0.027416666666666575
2 0.4902239583333333 0.41011111111111115 0.015078125000000024 0.023833333333333342