3 0.4783854166666667 0.375 0.050520833333333334 0.21296296296296297
8 0.022916666666666665 0.33611111111111114 0.04583333333333333 0.20185185185185187
3 0.16328125 0.4689814814814815 0.06614583333333333 0.2101851851851852
3 0.41171875 0.30833333333333335 0.04635416666666667 0.2074074074074074
8 0.6005208333333333 0.8421296296296297 0.058333333333333334 0.31574074074074077
3 0.30494791666666665 0.5009259259259259 0.05364583333333333 0.2222222222222222
8 0.7059895833333333 0.3675925925925926 0.04010416666666667 0.20555555555555555
3 0.596875 0.43148148148148147 0.06458333333333334 0.22592592592592592
3 0.14270833333333333 0.3787037037037037 0.052083333333333336 0.20555555555555555
3 0.456328125 0.7412037037037037 0.0665104166666667 0.275
3 0.6205729166666667 0.47129629629629627 0.058854166666666666 0.24814814814814815
3 0.4317708333333333 0.7652777777777777 0.06458333333333334 0.3212962962962963
3 0.31927083333333334 0.42685185185185187 0.034375 0.2222222222222222
0 0.5234375 0.175 0.019791666666666666 0.03333333333333333
2 0.41119791666666666 0.2689814814814815 0.013020833333333334 0.019444444444444445
2 0.615625 0.412962962962963 0.010416666666666666 0.025925925925925925
9 0.6348958333333333 0.23333333333333334 0.034375 0.022222222222222223
2 0.42916666666666664 0.7453703703703703 0.0125 0.03148148148148148
2 0.4708333333333333 0.33935185185185185 0.008333333333333333 0.019444444444444445
2 0.3151041666666667 0.39166666666666666 0.007291666666666667 0.022222222222222223
2 0.14088541666666668 0.3421296296296296 0.009895833333333333 0.021296296296296296
2 0.16588541666666667 0.4324074074074074 0.008854166666666666 0.020370370370370372
2 0.5953125 0.39166666666666666 0.011458333333333333 0.020370370370370372
2 0.31302083333333336 0.44537037037037036 0.010416666666666666 0.024074074074074074