3 0.35651041666666666 0.6324074074074074 0.0609375 0.2037037037037037
3 0.57109375 0.42314814814814816 0.0515625 0.2111111111111111
3 0.19583333333333333 0.8356481481481481 0.059375 0.2601851851851852
3 0.19055208333333334 0.4178425925925926 0.06635937499999998 0.20169444444444443
3 0.56640625 0.38564814814814813 0.07447916666666667 0.18055555555555555
3 0.7625 0.6717592592592593 0.04583333333333333 0.21574074074074073
3 0.8533854166666667 0.7351851851851852 0.0515625 0.24814814814814815
8 0.35546875 0.36527777777777776 0.044270833333333336 0.18425925925925926
8 0.33098958333333334 0.8013888888888889 0.0359375 0.15648148148148147
2 0.57890625 0.3726851851851852 0.015104166666666667 0.023148148148148147
2 0.18723958333333332 0.7856481481481481 0.015104166666666667 0.030555555555555555
2 0.7479166666666667 0.5180555555555556 0.013541666666666667 0.021296296296296296
2 0.18958333333333333 0.3763888888888889 0.0125 0.017592592592592594
0 0.63984375 0.12175925925925926 0.016145833333333335 0.026851851851851852
2 0.8526041666666667 0.6884259259259259 0.011458333333333333 0.026851851851851852
9 0.7252604166666666 0.30324074074074076 0.03177083333333333 0.017592592592592594
3 0.7282708333333333 0.5449074074074074 0.03570833333333331 0.18981481481481483
8 0.9880208333333333 0.6930648148148149 0.023958333333333335 0.16573148148148148
3 0.7632187500000001 0.5575925925925926 0.07331250000000011 0.2133425925925926
2 0.7674479166666667 0.6365740740740741 0.0067708333333333336 0.019444444444444445
3 0.19369791666666666 0.4047870370370371 0.07221354166666666 0.1738703703703704