3 0.20875520833333333 0.6571759259259259 0.06423437500000002 0.24094444444444446
3 0.18290104166666668 0.6477592592592593 0.06840625000000002 0.22552777777777772
2 0.20602604166666666 0.6546018518518518 0.011239583333333355 0.027981481481481506
3 0.31313541666666667 0.4964537037037037 0.04239583333333338 0.2300925925925926
3 0.256046875 0.3567037037037037 0.057005208333333356 0.19155555555555556
3 0.37359375 0.4172314814814815 0.03998437499999999 0.20412037037037042
3 0.40161458333333333 0.43492592592592594 0.056843750000000054 0.22238888888888894
3 0.5300052083333333 0.4449166666666667 0.08173437500000004 0.2081111111111111
3 0.3716666666666667 0.3741203703703704 0.057328124999999966 0.2183888888888889
9 0.35424479166666667 0.21082407407407408 0.0334010416666666 0.02654629629629631
8 0.26367708333333334 0.2861944444444444 0.03982291666666669 0.13960185185185184
8 0.46114062499999997 0.7231203703703704 0.05634895833333336 0.1584166666666666
3 0.7351510416666667 0.6870185185185186 0.04874999999999995 0.2576574074074074
2 0.7457708333333334 0.6431759259259259 0.011333333333333447 0.02825925925925924
3 0.6418697916666667 0.49923148148148144 0.10255208333333338 0.22772222222222227
0 0.27321354166666667 0.1506851851851852 0.01799479166666664 0.03367592592592593
2 0.526359375 0.4155185185185185 0.00709895833333339 0.018351851851851897