3 0.5143229166666666 0.5226851851851851 0.08072916666666667 0.25277777777777777
3 0.30800520833333334 0.750462962962963 0.07044791666666667 0.262037037037037
8 0.8109375 0.8810185185185185 0.06145833333333333 0.23796296296296296
8 0.7450520833333333 0.2865740740740741 0.044270833333333336 0.20833333333333334
3 0.9557291666666666 0.37824074074074077 0.065625 0.2212962962962963
3 0.72734375 0.7680555555555556 0.0734375 0.22314814814814815
8 0.08255208333333333 0.6259259259259259 0.03802083333333333 0.25925925925925924
3 0.41141666666666665 0.4625462962962963 0.08653645833333339 0.2397222222222222
0 0.3232083333333333 0.2054351851851852 0.01551562499999998 0.029240740740740727
2 0.29921875 0.48518518518518516 0.013020833333333334 0.027777777777777776
9 0.34661458333333334 0.21574074074074073 0.034895833333333334 0.022222222222222223
2 0.29296875 0.7087962962962963 0.009895833333333333 0.032407407407407406
2 0.4041666666666667 0.41898148148148145 0.009375 0.017592592592592594
3 0.33508333333333334 0.46564814814814814 0.04552604166666671 0.3456018518518518
2 0.33567708333333335 0.44166666666666665 0.018229166666666668 0.022222222222222223
3 0.28677604166666665 0.5183981481481481 0.0724947916666667 0.3338055555555555
3 0.34268750000000003 0.4707314814814815 0.03678645833333339 0.23643518518518516
3 0.404984375 0.43804629629629627 0.03274479166666661 0.25943518518518516
2 0.7388541666666666 0.7067407407407407 0.014906249999999944 0.023324074074074126
2 0.9569947916666667 0.34035185185185185 0.0058385416666666854 0.018203703703703673