3 0.9328125 0.3763888888888889 0.07395833333333333 0.225
3 0.4348958333333333 0.4768240740740741 0.10520833333333333 0.22412037037037033
8 0.8041666666666667 0.8782407407407408 0.059375 0.24351851851851852
8 0.740625 0.2916666666666667 0.042708333333333334 0.20185185185185187
3 0.525 0.5106481481481482 0.06145833333333333 0.25277777777777777
3 0.28463541666666664 0.7486111111111111 0.050520833333333334 0.2638888888888889
3 0.7463541666666667 0.7680555555555556 0.07604166666666666 0.20462962962962963
8 0.09114583333333333 0.6231481481481481 0.03854166666666667 0.25555555555555554
3 0.3497395833333333 0.45452777777777775 0.0484375 0.2035
2 0.2799479166666667 0.5486111111111112 0.011979166666666667 0.026851851851851852
2 0.33645833333333336 0.5194444444444445 0.01875 0.03333333333333333
0 0.318859375 0.15511111111111112 0.015578125000000043 0.02985185185185186
9 0.3497395833333333 0.2212962962962963 0.0328125 0.022222222222222223
2 0.5346354166666667 0.449537037037037 0.009895833333333333 0.026851851851851852
2 0.27708333333333335 0.7027777777777777 0.010416666666666666 0.03518518518518519
3 0.27708333333333335 0.5912037037037037 0.078125 0.2898148148148148
2 0.9234375 0.33564814814814814 0.007291666666666667 0.019444444444444445
3 0.3365 0.5440277777777778 0.054244791666666715 0.3353888888888889
2 0.7450520833333333 0.711574074074074 0.013020833333333334 0.021296296296296296
3 0.406640625 0.44207407407407406 0.04972916666666668 0.2563240740740741
2 0.348640625 0.4280833333333333 0.008203125 0.019027777777777737