8 0.23369791666666667 0.36760185185185185 0.046317708333333305 0.21120370370370373
8 0.2991145833333333 0.838138888888889 0.05744791666666664 0.24328703703703702
3 0.28603124999999996 0.6445833333333333 0.04872395833333331 0.22189814814814823
3 0.33701041666666665 0.6571481481481481 0.05865104166666661 0.27697222222222234
3 0.42648958333333337 0.6718518518518519 0.07819791666666671 0.2764351851851851
3 0.5681510416666666 0.7972407407407407 0.09805208333333339 0.3197499999999999
3 0.7868072916666667 0.4039629629629629 0.06736979166666662 0.23259259259259263
3 0.8818541666666667 0.4135925925925926 0.05895312500000003 0.245425925925926
3 0.5084479166666667 0.335787037037037 0.04902604166666672 0.20318518518518522
3 0.42378125 0.39461111111111113 0.05714583333333335 0.2117407407407407
4 0.275953125 0.45262037037037034 0.10617187499999999 0.27215740740740735
3 0.3022708333333333 0.4031666666666667 0.04872395833333331 0.23740740740740737
9 0.2861822916666667 0.24061111111111114 0.03819791666666662 0.036361111111111094
0 0.320703125 0.33443518518518517 0.01705208333333334 0.03263888888888889
2 0.42859895833333334 0.6153333333333333 0.017098958333333296 0.03315740740740736
2 0.325484375 0.6075 0.013296874999999986 0.031009259259259268
2 0.8829166666666667 0.3764537037037037 0.005859375 0.01772222222222221
2 0.7767552083333332 0.3647685185185185 0.004718749999999971 0.016824074074074036
2 0.5089010416666667 0.2983796296296296 0.013947916666666652 0.014953703703703683
2 0.27348958333333334 0.40047222222222223 0.009005208333333315 0.02155555555555553
2 0.5802552083333333 0.7234722222222223 0.011812499999999915 0.030703703703703778