0 0.2819375 0.1998888888888889 0.016635416666666694 0.031129629629629636
9 0.2765625 0.2488425925925926 0.03125 0.029166666666666667
3 0.24361979166666667 0.41944444444444445 0.05703125 0.19444444444444445
3 0.2765625 0.4516203703703704 0.04791666666666667 0.20879629629629629
3 0.33619791666666665 0.6435185185185185 0.0796875 0.23333333333333334
8 0.3196614583333333 0.7694444444444445 0.062239583333333334 0.22592592592592592
3 0.39010416666666664 0.33587962962962964 0.046875 0.19953703703703704
3 0.540625 0.3108796296296296 0.04791666666666667 0.1699074074074074
3 0.5559895833333334 0.47314814814814815 0.05572916666666667 0.23333333333333334
3 0.403125 0.6131944444444445 0.06354166666666666 0.22453703703703703
3 0.379296875 0.5261574074074075 0.046614583333333334 0.22453703703703703
3 0.3287760416666667 0.5439814814814815 0.08671875 0.14166666666666666
8 0.24283854166666666 0.3335648148148148 0.04140625 0.13935185185185187
8 0.8247395833333333 0.3599537037037037 0.0328125 0.17175925925925925
3 0.8895833333333333 0.47476851851851853 0.04479166666666667 0.21064814814814814
2 0.39153645833333334 0.5791666666666667 0.01640625 0.030555555555555555
2 0.33736979166666664 0.5925925925925926 0.020052083333333335 0.027777777777777776
2 0.39260416666666664 0.4844074074074074 0.009187500000000052 0.029453703703703652
2 0.2474375 0.394212962962963 0.007000000000000029 0.016462962962962936
2 0.39207291666666666 0.30000925925925925 0.0026770833333333854 0.012203703703703658
2 0.5429270833333334 0.28809259259259257 0.005953124999999915 0.013888888888888888
2 0.5543958333333333 0.4229444444444444 0.010249999999999915 0.025990740740740786