0 0.26134375 0.26164814814814813 0.017807291666666693 0.027129629629629587
9 0.27116666666666667 0.23277777777777775 0.032125 0.020231481481481475
8 0.23938541666666666 0.32923148148148146 0.046348958333333336 0.15542592592592594
3 0.20570833333333333 0.4001481481481482 0.06662499999999998 0.18733333333333338
3 0.29091666666666666 0.41982407407407407 0.05515625000000002 0.21966666666666662
3 0.35358854166666664 0.5607685185185185 0.05080729166666664 0.19506481481481483
3 0.36841145833333333 0.5256203703703703 0.04013541666666664 0.2302129629629629
3 0.40103645833333335 0.5303611111111111 0.062276041666666636 0.2003333333333334
3 0.394609375 0.33090740740740743 0.043494791666666664 0.22037037037037038
3 0.48110416666666667 0.4372222222222222 0.04488020833333337 0.23056481481481475
3 0.592703125 0.3194814814814815 0.05377604166666667 0.19892592592592595
3 0.28309375 0.6156203703703704 0.08564062500000004 0.15489814814814812
8 0.8402135416666667 0.35155555555555557 0.05144270833333332 0.15753703703703703
3 0.9349270833333333 0.45411111111111113 0.05947395833333336 0.21675000000000003
8 0.31625000000000003 0.7575648148148147 0.06393229166666667 0.22732407407407407
2 0.39539583333333334 0.4961851851851852 0.011947916666666695 0.03614814814814812
2 0.3598072916666667 0.5210370370370371 0.011947916666666695 0.029824074074074107
2 0.209328125 0.3782685185185185 0.006833333333333335 0.015407407407407394
2 0.394765625 0.29536111111111113 0.0028802083333333193 0.013768518518518522
2 0.5946354166666666 0.29421296296296295 0.0061302083333333235 0.015861111111111107
1 0.2700885416666667 0.24887037037037035 0.03378124999999998 0.053555555555555585
2 0.489 0.3947407407407407 0.008645833333333287 0.02759259259259255