8 0.265984375 0.3018611111111111 0.045697916666666644 0.16955555555555557
8 0.4745260416666667 0.726712962962963 0.05455208333333334 0.2010277777777777
3 0.11994270833333333 0.6630648148148148 0.07731249999999999 0.21077777777777787
3 0.20240104166666667 0.6791851851851851 0.05870833333333335 0.17533333333333345
3 0.30716666666666664 0.5096296296296297 0.05220312500000001 0.22286111111111115
3 0.344921875 0.36238888888888887 0.06593229166666663 0.1904259259259259
3 0.39822395833333335 0.38278703703703704 0.0601197916666667 0.2151574074074074
3 0.41184375 0.429537037037037 0.046963541666666705 0.21155555555555558
3 0.43076041666666665 0.4450648148148148 0.04423958333333336 0.22632407407407404
3 0.4411979166666667 0.4770370370370371 0.05039583333333333 0.2180462962962963
3 0.7564010416666667 0.6939537037037037 0.08471874999999993 0.2549722222222221
2 0.761734375 0.6485185185185185 0.013364583333333258 0.02922222222222217
9 0.3532291666666667 0.21371296296296297 0.0323333333333333 0.0176574074074074
0 0.3434947916666667 0.17312962962962963 0.016843749999999956 0.029537037037037014
2 0.3012916666666667 0.4663055555555556 0.010968749999999972 0.02816666666666668
2 0.19466666666666665 0.6784722222222223 0.012796875000000025 0.03438888888888898
2 0.122921875 0.6327037037037038 0.012489583333333342 0.03168518518518521
2 0.3995052083333333 0.35133333333333333 0.007234375000000052 0.018722222222222248
3 0.47651041666666666 0.4844166666666666 0.054911458333333364 0.24180555555555547