6 0.2825520833333333 0.40927777777777774 0.041015625 0.23787962962962972
3 0.2808802083333333 0.4770740740740741 0.05363541666666668 0.19399999999999998
3 0.3493645833333333 0.6441851851851852 0.06291145833333331 0.2299629629629631
3 0.37859375 0.6748703703703703 0.058645833333333286 0.2319351851851852
8 0.3247708333333333 0.780611111111111 0.06013020833333336 0.2415092592592592
8 0.24729166666666663 0.35483333333333333 0.04101562499999997 0.15143518518518514
3 0.3782239583333334 0.5019814814814815 0.06755208333333336 0.18047222222222226
3 0.39594270833333334 0.5001666666666666 0.05882812500000002 0.1807962962962963
3 0.400953125 0.3388333333333333 0.045468749999999974 0.16166666666666668
3 0.49959375 0.32184259259259257 0.058645833333333286 0.15935185185185188
3 0.5914583333333333 0.48944444444444446 0.06421354166666665 0.21874074074074074
3 0.8573072916666666 0.49406481481481485 0.09038020833333343 0.2055462962962963
8 0.8194479166666666 0.3703425925925926 0.03581770833333332 0.15869444444444444
2 0.40679166666666666 0.47350925925925924 0.009885416666666676 0.023777777777777783
2 0.377859375 0.46149074074074076 0.009593750000000038 0.023518518518518498
2 0.37953125000000004 0.6265185185185185 0.013520833333333352 0.023777777777777835
2 0.33896875000000004 0.5958888888888888 0.009739583333333357 0.03178703703703697
9 0.2802239583333333 0.26230555555555557 0.030838541666666684 0.02461111111111115
2 0.5047291666666667 0.3001111111111111 0.005963541666666691 0.015583333333333371
2 0.40341666666666665 0.31437037037037036 0.003343750000000038 0.010166666666666683
2 0.5920260416666667 0.44581481481481483 0.009791666666666761 0.026212962962962914
2 0.29978125 0.4363888888888889 0.009880208333333347 0.0238981481481481
2 0.2729010416666667 0.3728611111111111 0.006500000000000009 0.01832407407407404