3 0.8690104166666667 0.6342592592592593 0.06510416666666667 0.22962962962962963
3 0.6979166666666666 0.6111111111111112 0.0625 0.23333333333333334
3 0.3848958333333333 0.7625 0.05 0.2324074074074074
3 0.36796875 0.43425925925925923 0.0484375 0.21666666666666667
3 0.5963541666666666 0.3712962962962963 0.06145833333333333 0.20925925925925926
8 0.83046875 0.8643518518518518 0.043229166666666666 0.1935185185185185
3 0.32734375 0.7055555555555556 0.04114583333333333 0.23333333333333334
8 0.72421875 0.33935185185185185 0.0390625 0.175
3 0.4140260416666666 0.506 0.07946354166666664 0.22755555555555554
8 0.05 0.6611111111111111 0.052083333333333336 0.22777777777777777
3 0.42450520833333333 0.5278240740740741 0.03956770833333335 0.21331481481481487
2 0.37916666666666665 0.7240740740740741 0.011458333333333333 0.03148148148148148
2 0.36328125 0.38101851851851853 0.0109375 0.025
2 0.86328125 0.5930555555555556 0.011979166666666667 0.026851851851851852
2 0.42734375 0.4824074074074074 0.009895833333333333 0.024074074074074074
0 0.5515625 0.1712962962962963 0.014583333333333334 0.027777777777777776
9 0.32864583333333336 0.2726851851851852 0.03229166666666667 0.019444444444444445
2 0.6953125 0.5648148148148148 0.010416666666666666 0.025925925925925925
2 0.5486979166666667 0.2388888888888889 0.0067708333333333336 0.016666666666666666
5 0.5499947916666666 0.26987962962962964 0.030843749999999896 0.22244444444444444
3 0.4409427083333333 0.4823703703703704 0.05470833333333332 0.1857222222222222