8 0.7111979166666667 0.8009259259259259 0.05364583333333333 0.15925925925925927
3 0.6619791666666667 0.4134259259259259 0.05 0.21388888888888888
3 0.7213541666666666 0.39675925925925926 0.04375 0.19166666666666668
8 0.8588541666666667 0.39444444444444443 0.046875 0.19074074074074074
3 0.4859375 0.5060185185185185 0.06041666666666667 0.2361111111111111
3 0.5265625 0.7847222222222222 0.05625 0.18981481481481483
3 0.17604166666666668 0.7134259259259259 0.0625 0.2712962962962963
3 0.5854166666666667 0.5601851851851852 0.075 0.2462962962962963
3 0.67734375 0.6699074074074074 0.0609375 0.23796296296296296
8 0.171875 0.3597222222222222 0.05625 0.18611111111111112
3 0.29739583333333336 0.4597222222222222 0.0375 0.2064814814814815
3 0.23072916666666668 0.43425925925925923 0.041666666666666664 0.26296296296296295
3 0.16458333333333333 0.5018518518518519 0.035416666666666666 0.2388888888888889
2 0.16614583333333333 0.6555555555555556 0.017708333333333333 0.03148148148148148
2 0.5302083333333333 0.7773148148148148 0.014583333333333334 0.028703703703703703
0 0.7848958333333333 0.3347222222222222 0.017708333333333333 0.030555555555555555
2 0.7244791666666667 0.3680555555555556 0.008333333333333333 0.01574074074074074
2 0.6802083333333333 0.6287037037037037 0.010416666666666666 0.027777777777777776
9 0.7903645833333334 0.2777777777777778 0.0328125 0.018518518518518517
2 0.6625 0.37175925925925923 0.007291666666666667 0.017592592592592594
2 0.5794270833333334 0.5078703703703704 0.015104166666666667 0.026851851851851852
2 0.2185625 0.4071018518518519 0.007520833333333362 0.022277777777777726