3 0.25494791666666666 0.7523148148148148 0.0921875 0.25462962962962965
3 0.33932291666666664 0.5824074074074074 0.05572916666666667 0.24259259259259258
3 0.5489583333333333 0.49953703703703706 0.06770833333333333 0.24537037037037038
8 0.7895833333333333 0.8712962962962963 0.059375 0.25
3 0.7856770833333333 0.7773148148148148 0.11197916666666667 0.1824074074074074
3 0.27682291666666664 0.5935185185185186 0.059895833333333336 0.23333333333333334
8 0.7328125 0.2935185185185185 0.040625 0.19444444444444445
3 0.434375 0.4898148148148148 0.07708333333333334 0.24814814814814815
3 0.8906510416666666 0.36203703703703705 0.04785937499999993 0.2222222222222222
3 0.3692708333333333 0.4513888888888889 0.04479166666666667 0.20833333333333334
8 0.10494791666666667 0.6148148148148148 0.0359375 0.24814814814814815
2 0.3419270833333333 0.5356481481481481 0.018229166666666668 0.028703703703703703
0 0.3354635416666667 0.16193518518518518 0.014729166666666653 0.029907407407407417
3 0.9739583333333334 0.5694444444444444 0.052083333333333336 0.26296296296296295
2 0.2755208333333333 0.5504629629629629 0.011458333333333333 0.026851851851851852
9 0.35520833333333335 0.2273148148148148 0.03229166666666667 0.021296296296296296
2 0.5544270833333333 0.44074074074074077 0.0109375 0.027777777777777776
2 0.24947916666666667 0.7027777777777777 0.010416666666666666 0.03333333333333333
3 0.41485416666666663 0.45375925925925925 0.047770833333333346 0.21879629629629635
2 0.7663489583333334 0.7286018518518519 0.01677083333333324 0.02179629629629626
2 0.3716041666666667 0.42303703703703704 0.009005208333333315 0.020675925925925962
2 0.8814739583333334 0.31728703703703703 0.005536458333333391 0.018379629629629652