3 0.20130208333333333 0.8319444444444445 0.07135416666666666 0.2601851851851852
3 0.5768229166666666 0.4375 0.06927083333333334 0.19722222222222222
3 0.8419270833333333 0.7268518518518519 0.0640625 0.2388888888888889
3 0.38177083333333334 0.6513888888888889 0.046875 0.22314814814814815
3 0.77890625 0.675 0.058854166666666666 0.23333333333333334
8 0.35859375 0.3699074074074074 0.043229166666666666 0.175
3 0.54375 0.40185185185185185 0.04375 0.17222222222222222
8 0.3125 0.8004629629629629 0.03229166666666667 0.15833333333333333
3 0.16640625 0.4101851851851852 0.05364583333333333 0.21851851851851853
2 0.17161458333333332 0.36342592592592593 0.011979166666666667 0.017592592592592594
2 0.7526041666666666 0.5143518518518518 0.014583333333333334 0.021296296296296296
2 0.5703125 0.39444444444444443 0.015625 0.022222222222222223
2 0.18776041666666668 0.7842592592592592 0.015104166666666667 0.02962962962962963
2 0.8552083333333333 0.6814814814814815 0.010416666666666666 0.024074074074074074
9 0.7252604166666666 0.30277777777777776 0.030729166666666665 0.016666666666666666
3 0.7349739583333333 0.5620277777777778 0.050151041666666646 0.2166574074074074
8 0.9924479166666667 0.7176574074074075 0.015104166666666667 0.15727777777777768
0 0.7377604166666667 0.3333333333333333 0.0140625 0.025925925925925925
2 0.3736979166666667 0.6013888888888889 0.0067708333333333336 0.025
3 0.139890625 0.3979907407407407 0.06717187500000002 0.16007407407407406
3 0.7622760416666666 0.5647962962962964 0.06442187500000003 0.23359259259259257
1 0.7273489583333334 0.31987037037037036 0.0353177083333333 0.053055555555555516
2 0.1159375 0.36364814814814816 0.009244791666666667 0.01853703703703702
2 0.540859375 0.3775277777777778 0.006333333333333258 0.011388888888888846
2 0.765390625 0.6295000000000001 0.007307291666666771 0.028611111111111195