0 0.293828125 0.1029537037037037 0.018020833333333285 0.03399074074074074
8 0.26405208333333335 0.3043518518518518 0.041098958333333345 0.18362962962962964
9 0.3526197916666666 0.21175925925925926 0.030989583333333334 0.021879629629629624
2 0.30251041666666667 0.4616111111111111 0.010770833333333367 0.027740740740740722
2 0.19691145833333332 0.6518796296296296 0.011427083333333362 0.028518518518518478
2 0.7446875 0.6428981481481482 0.010770833333333249 0.03242592592592591
3 0.15790104166666669 0.6516851851851853 0.05779687500000001 0.212537037037037
3 0.20306770833333332 0.66575 0.059776041666666654 0.19222222222222213
3 0.314046875 0.504 0.0523072916666667 0.22348148148148145
3 0.2884479166666667 0.3584629629629629 0.07801562499999998 0.19026851851851853
3 0.3832760416666667 0.3740925925925926 0.05010937500000002 0.22152777777777777
3 0.4121770833333333 0.4391481481481481 0.0758177083333333 0.21723148148148155
3 0.508765625 0.4455925925925926 0.061093749999999974 0.21605555555555553
3 0.5920572916666667 0.5006851851851852 0.0773593750000001 0.2387129629629629
3 0.7339166666666667 0.6868518518518518 0.05516145833333326 0.2578611111111111
8 0.46184375 0.7380277777777778 0.059119791666666664 0.1820648148148147
3 0.37690104166666666 0.429962962962963 0.05494270833333334 0.20512037037037034
2 0.4985104166666667 0.4165925925925926 0.005026041666666714 0.01889814814814812