3 0.033854166666666664 0.7870370370370371 0.06770833333333333 0.32037037037037036
3 0.6372395833333333 0.3300925925925926 0.06614583333333333 0.21944444444444444
3 0.13203125 0.5370370370370371 0.0640625 0.2537037037037037
3 0.2669270833333333 0.6537037037037037 0.06822916666666666 0.26851851851851855
3 0.6018229166666667 0.29953703703703705 0.04114583333333333 0.21203703703703702
3 0.7014114583333334 0.5603148148148148 0.10490625000000003 0.2724722222222222
3 0.78203125 0.5828703703703704 0.05260416666666667 0.25277777777777777
2 0.71015625 0.5324074074074074 0.021354166666666667 0.02962962962962963
9 0.7502604166666667 0.2513888888888889 0.03697916666666667 0.019444444444444445
8 0.2799479166666667 0.8898148148148148 0.049479166666666664 0.22037037037037038
2 0.021614583333333333 0.7166666666666667 0.009895833333333333 0.03148148148148148
2 0.26614583333333336 0.5902777777777778 0.013541666666666667 0.028703703703703703
2 0.5994791666666667 0.2652777777777778 0.009375 0.019444444444444445
3 0.3565260416666666 0.3493981481481482 0.06721354166666664 0.19419444444444448
8 0.3830104166666667 0.3070555555555556 0.03866666666666667 0.19680555555555554
3 0.3212291666666667 0.3383055555555556 0.03829687499999999 0.2604166666666667
2 0.78359375 0.5337962962962963 0.009895833333333333 0.030555555555555555
2 0.33932291666666664 0.31712962962962965 0.0067708333333333336 0.023148148148148147
3 0.7167083333333333 0.5909537037037037 0.0962708333333334 0.26981481481481484