3 0.303515625 0.3535092592592593 0.057364583333333385 0.1742777777777778
3 0.33091145833333335 0.3032777777777778 0.055651041666666616 0.1605833333333333
3 0.42188020833333334 0.44863888888888886 0.06121874999999998 0.17884259259259264
3 0.5406718749999999 0.5064722222222222 0.05222916666666671 0.2245092592592593
4 0.4950833333333333 0.6967314814814815 0.06549479166666666 0.21841666666666654
3 0.3561666666666667 0.6777129629629629 0.0702083333333333 0.18037037037037032
8 0.15732291666666667 0.7496296296296296 0.05265625000000001 0.17960185185185187
8 0.7431614583333332 0.34703703703703703 0.04623437499999999 0.14612037037037043
3 0.7104322916666667 0.49023148148148155 0.05427083333333324 0.19950925925925928
3 0.7654479166666667 0.4222222222222222 0.061848958333333336 0.1966111111111111
3 0.33540625 0.5380555555555556 0.0500885416666667 0.20243518518518513
0 0.47295833333333337 0.6982777777777778 0.01789062499999995 0.032462962962962916
9 0.04590625 0.2629259259259259 0.031640625 0.02138888888888891
2 0.413046875 0.5138425925925927 0.005744791666666652 0.015555555555555513