0 0.263140625 0.2368796296296296 0.019156249999999986 0.033907407407407386
8 0.2204583333333333 0.37639814814814815 0.04835937500000001 0.21239814814814809
9 0.27278125000000003 0.24509259259259258 0.03555729166666666 0.02925925925925928
3 0.29573958333333333 0.4415925925925926 0.04571874999999999 0.23154629629629633
3 0.245046875 0.5006574074074075 0.050390625 0.2196203703703704
3 0.170578125 0.6810833333333334 0.052624999999999984 0.2452685185185186
3 0.19373958333333335 0.7184722222222223 0.11886458333333334 0.2882592592592592
8 0.26180729166666666 0.8584166666666668 0.056687500000000016 0.2813240740740741
3 0.4134895833333333 0.6688055555555555 0.06380208333333333 0.30017592592592596
3 0.4803385416666667 0.8039074074074074 0.08696354166666669 0.3406296296296297
3 0.3879895833333334 0.3919259259259259 0.050593750000000055 0.21456481481481482
3 0.46296354166666664 0.3088425925925926 0.049781249999999964 0.20878703703703705
3 0.7256874999999999 0.4208240740740741 0.062380208333333326 0.23624074074074067
3 0.8440416666666667 0.4065555555555555 0.05851562499999995 0.23515740740740737
2 0.475578125 0.7266574074074074 0.012609375000000018 0.03324074074074083
2 0.40559375000000003 0.6086018518518518 0.015812499999999948 0.035712962962962905
2 0.1898125 0.6494444444444444 0.01271354166666665 0.030768518518518535
2 0.4633333333333333 0.2776296296296296 0.012619791666666677 0.016425925925925934
2 0.7275781250000001 0.37822222222222224 0.004192708333333428 0.01625925925925921
2 0.8452916666666667 0.36795370370370367 0.007906249999999915 0.017314814814814856