3 0.6536458333333334 0.38842592592592595 0.05416666666666667 0.19722222222222222
8 0.7182291666666667 0.7935185185185185 0.04895833333333333 0.17407407407407408
3 0.4348958333333333 0.5925925925925926 0.078125 0.2351851851851852
3 0.6658854166666667 0.6717592592592593 0.06614583333333333 0.22685185185185186
3 0.17994791666666668 0.7222222222222222 0.07135416666666666 0.2611111111111111
3 0.56015625 0.7796296296296297 0.05677083333333333 0.2
3 0.68203125 0.3375 0.0421875 0.16944444444444445
3 0.18385416666666668 0.5083333333333333 0.051041666666666666 0.24444444444444444
3 0.3015625 0.4615740740740741 0.057291666666666664 0.20092592592592592
8 0.859375 0.3907407407407407 0.046875 0.18333333333333332
8 0.11744791666666667 0.3625 0.05260416666666667 0.18611111111111112
3 0.42682291666666666 0.5032407407407408 0.044270833333333336 0.23425925925925925
2 0.6859375 0.31851851851851853 0.007291666666666667 0.014814814814814815
3 0.2669270833333333 0.42407407407407405 0.0421875 0.2611111111111111
2 0.5559895833333334 0.7638888888888888 0.0140625 0.02962962962962963
2 0.6526041666666667 0.350462962962963 0.00625 0.01574074074074074
2 0.15729166666666666 0.6662037037037037 0.0125 0.030555555555555555
2 0.29635416666666664 0.42083333333333334 0.010416666666666666 0.025
9 0.7911458333333333 0.2759259259259259 0.03333333333333333 0.018518518518518517
2 0.42239583333333336 0.44675925925925924 0.008333333333333333 0.026851851851851852
0 0.5731770833333333 0.013425925925925926 0.018229166666666668 0.026851851851851852
2 0.4395833333333333 0.5444444444444444 0.015625 0.027777777777777776
2 0.2581145833333333 0.3955462962962963 0.008749999999999977 0.02242592592592595