3 0.12411458333333333 0.6716851851851852 0.08640104166666666 0.20962037037037046
3 0.194734375 0.6742962962962963 0.05439583333333336 0.18000000000000008
8 0.4711770833333333 0.72225 0.05736979166666671 0.20275925925925928
3 0.31197916666666664 0.508287037037037 0.05053645833333332 0.22597222222222219
3 0.333953125 0.3566851851851852 0.04477083333333335 0.19909259259259257
3 0.3960416666666667 0.3822962962962963 0.05611979166666667 0.2073518518518519
3 0.43428125 0.43599074074074073 0.06852604166666663 0.21698148148148147
3 0.40066666666666667 0.42806481481481484 0.03977083333333328 0.21250925925925931
3 0.45768749999999997 0.4607777777777778 0.06514062499999997 0.2161666666666667
3 0.5079739583333333 0.4884074074074074 0.09485416666666661 0.22916666666666666
3 0.7491302083333333 0.6891296296296296 0.0757083333333334 0.25029629629629624
9 0.353125 0.21291666666666664 0.0342864583333333 0.019500000000000003
8 0.26432812499999997 0.3014907407407407 0.04594270833333335 0.16902777777777775
2 0.193359375 0.6671851851851851 0.013713541666666688 0.03250925925925917
2 0.12605208333333334 0.6397592592592594 0.010286458333333333 0.031287037037037
2 0.302953125 0.4664629629629629 0.014401041666666715 0.027629629629629608
2 0.7541302083333333 0.6489074074074075 0.015312500000000047 0.03169444444444446
0 0.328921875 0.12833333333333333 0.017317708333333334 0.02851851851851853
2 0.3348541666666666 0.32042592592592595 0.006208333333333371 0.017370370370370362
2 0.3947864583333333 0.3495740740740741 0.007197916666666634 0.019231481481481464