0 0.2818229166666667 0.21793518518518518 0.01580729166666662 0.02641666666666664
9 0.2757135416666667 0.24162037037037035 0.029494791666666693 0.02181481481481479
3 0.22981770833333334 0.4138148148148148 0.052854166666666674 0.19673148148148145
3 0.2799583333333333 0.4366759259259259 0.04317708333333335 0.224
8 0.24138020833333332 0.3399814814814815 0.04105729166666669 0.16149999999999995
3 0.30650520833333333 0.6166296296296296 0.0514375 0.09396296296296298
8 0.31688541666666664 0.7561018518518519 0.058046875000000026 0.22525925925925924
3 0.3391822916666667 0.5952314814814815 0.04978645833333329 0.18037037037037032
3 0.39498958333333334 0.5958611111111111 0.07078645833333337 0.18918518518518512
3 0.372453125 0.5379722222222222 0.0530885416666667 0.22358333333333336
3 0.39215625000000004 0.3366296296296296 0.04341666666666662 0.19170370370370368
3 0.5285364583333333 0.46267592592592593 0.046244791666666646 0.2206481481481482
3 0.5596822916666666 0.3169166666666666 0.04435937500000004 0.1807962962962963
8 0.8245416666666666 0.35214814814814815 0.036098958333333306 0.17072222222222222
3 0.9083072916666667 0.4651944444444445 0.036098958333333306 0.22735185185185186
2 0.3962395833333333 0.553861111111111 0.015718750000000035 0.03352777777777781
2 0.3387864583333334 0.5594444444444445 0.016765625000000027 0.027324074074074067
2 0.38008854166666667 0.4895925925925926 0.009953124999999948 0.027944444444444504
2 0.23502083333333335 0.38372222222222224 0.007374999999999983 0.014601851851851835
2 0.39186458333333335 0.3022685185185185 0.00283854166666669 0.012259259259259268
2 0.562453125 0.29515740740740737 0.005661458333333276 0.014101851851851869
2 0.5338854166666667 0.4143240740740741 0.009468749999999974 0.02544444444444446