3 0.05625 0.7611111111111111 0.06875 0.3148148148148148
3 0.6536458333333334 0.3148148148148148 0.058333333333333334 0.20185185185185187
5 0.31953125 0.2962962962962963 0.050520833333333334 0.3074074074074074
3 0.21223958333333334 0.6949074074074074 0.0703125 0.28055555555555556
3 0.15885416666666666 0.5254629629629629 0.041666666666666664 0.25277777777777777
3 0.69921875 0.5902777777777778 0.0890625 0.2712962962962963
8 0.37526041666666665 0.3023148148148148 0.043229166666666666 0.19722222222222222
3 0.7455729166666667 0.5879629629629629 0.07864583333333333 0.25925925925925924
2 0.6901041666666666 0.5324074074074074 0.021875 0.02962962962962963
7 0.3625 0.3861111111111111 0.057291666666666664 0.29814814814814816
2 0.04375 0.6944444444444444 0.0125 0.02962962962962963
9 0.75078125 0.2462962962962963 0.03697916666666667 0.022222222222222223
2 0.20572916666666666 0.6296296296296297 0.011458333333333333 0.02962962962962963
0 0.33203125 0.16018518518518518 0.016145833333333335 0.03148148148148148
3 0.625 0.2962962962962963 0.053125 0.21851851851851853
2 0.7700520833333333 0.5375 0.0109375 0.032407407407407406
2 0.6268229166666667 0.25972222222222224 0.0067708333333333336 0.017592592592592594
2 0.15026041666666667 0.4652777777777778 0.009895833333333333 0.028703703703703703
2 0.35651041666666666 0.3611111111111111 0.008854166666666666 0.027777777777777776
2 0.7166666666666667 0.4837962962962963 0.010416666666666666 0.030555555555555555
3 0.7125833333333333 0.5492314814814815 0.08301562499999994 0.2639259259259259
8 0.26588541666666665 0.8861111111111111 0.0515625 0.22777777777777777