0 0.33321354166666667 0.17860185185185184 0.017624999999999957 0.03145370370370373
9 0.2907083333333333 0.27805555555555556 0.03280208333333334 0.02704629629629633
8 0.011963541666666666 0.6930277777777778 0.023921875000000002 0.2603055555555557
8 0.713984375 0.32546296296296295 0.04086458333333335 0.19383333333333336
8 0.6313802083333333 0.8874722222222222 0.05251562499999996 0.2250555555555555
3 0.31845312499999995 0.8740555555555556 0.06861458333333334 0.25188888888888883
3 0.30141666666666667 0.6421574074074073 0.12748958333333332 0.2580370370370371
3 0.53921875 0.5052407407407407 0.08031770833333335 0.21723148148148144
3 0.80609375 0.6799166666666666 0.04249479166666674 0.22858333333333322
3 0.86865625 0.6797685185185185 0.059546874999999964 0.22959259259259263
3 0.8632552083333334 0.43800000000000006 0.051468750000000084 0.22387962962962965
3 0.35894791666666664 0.4403518518518518 0.06417708333333334 0.19195370370370377
3 0.403984375 0.3859444444444444 0.048739583333333295 0.17146296296296293
3 0.3978072916666667 0.6815462962962964 0.10503125000000005 0.2940277777777777
3 0.40002604166666667 0.6734351851851851 0.05747395833333328 0.20460185185185187
2 0.39161979166666666 0.6114999999999999 0.011359374999999972 0.03062037037037031
2 0.2956822916666667 0.5926111111111111 0.016677083333333325 0.034537037037037
2 0.8678020833333334 0.6462222222222221 0.02406770833333335 0.03889814814814814
2 0.8649427083333333 0.4007037037037037 0.008671875000000048 0.020222222222222253
2 0.41345312500000003 0.6383240740740741 0.011807291666666704 0.03026851851851857