6 0.202421875 0.43559259259259264 0.038942708333333326 0.30461111111111117
3 0.15671354166666665 0.4757314814814814 0.07319270833333331 0.2107592592592592
9 0.19111979166666665 0.24439814814814814 0.033156249999999984 0.026138888888888906
3 0.31654166666666667 0.43750925925925926 0.054427083333333334 0.2196574074074074
3 0.29074479166666667 0.5405185185185185 0.060994791666666645 0.213537037037037
3 0.3712916666666667 0.2947222222222222 0.0431666666666666 0.16460185185185183
3 0.52315625 0.558037037037037 0.04910937499999998 0.24634259259259256
3 0.6165260416666667 0.5941759259259259 0.048171874999999885 0.23633333333333334
3 0.6288802083333334 0.4768425925925926 0.03847395833333327 0.22855555555555554
3 0.6016666666666667 0.37201851851851847 0.053489583333333236 0.19018518518518515
8 0.7321041666666667 0.332537037037037 0.04160416666666673 0.1757222222222222
3 0.88271875 0.5213333333333333 0.03503125000000011 0.2396759259259259
8 0.25242708333333336 0.7598888888888888 0.04942187499999999 0.20964814814814822
8 0.14122916666666668 0.3381018518518518 0.04347916666666667 0.13568518518518516
2 0.6203333333333333 0.5504074074074075 0.008671875000000048 0.026268518518518417
2 0.20313541666666665 0.4006296296296296 0.013041666666666648 0.02662037037037037
0 0.201421875 0.30379629629629634 0.01811458333333332 0.03471296296296297
2 0.36861979166666664 0.269037037037037 0.006005208333333319 0.010962962962962992
2 0.60075 0.33828703703703705 0.008739583333333438 0.020296296296296257
2 0.15411979166666667 0.4387962962962963 0.00703125 0.016675925925925917