3 0.6837552083333333 0.8269444444444446 0.06369791666666676 0.29191666666666677
3 0.47001041666666665 0.8157314814814814 0.09989583333333331 0.29222222222222216
3 0.16657291666666665 0.6073055555555555 0.09103124999999998 0.22826851851851848
3 0.6074583333333333 0.5645370370370371 0.058833333333333356 0.29575925925925933
3 0.4022239583333333 0.44375925925925924 0.05298437500000001 0.25329629629629624
8 0.41042708333333333 0.9176574074074075 0.0523072916666667 0.16467592592592595
3 0.4559010416666667 0.32508333333333334 0.04242708333333335 0.22891666666666668
3 0.04015625 0.39833333333333326 0.056848958333333345 0.25346296296296295
8 0.6738802083333333 0.3156666666666667 0.047619791666666585 0.19174074074074077
3 0.6671458333333333 0.6761666666666667 0.05029166666666664 0.2645277777777778
0 0.6205729166666667 0.3050740740740741 0.01910937500000003 0.034037037037037025
2 0.6063697916666667 0.5025925925925926 0.012265625000000094 0.029861111111111113
9 0.6340989583333333 0.24264814814814814 0.04018229166666672 0.02761111111111113
2 0.46829166666666666 0.7576296296296297 0.01395833333333331 0.0364166666666666
2 0.6695885416666666 0.6316759259259259 0.013468750000000066 0.03276851851851861
2 0.6853177083333333 0.7707685185185185 0.00990104166666678 0.0323148148148149
2 0.04065625 0.3477777777777778 0.016119791666666664 0.022212962962962973
2 0.4526302083333333 0.28744444444444445 0.00986979166666669 0.021296296296296296
2 0.409109375 0.4044074074074074 0.008281250000000047 0.025898148148148174
8 0.017270833333333332 0.33735185185185185 0.03340624999999999 0.21877777777777777