8 0.4454895833333333 0.8089629629629629 0.06523958333333332 0.23610185185185187
8 0.6246666666666666 0.19758333333333333 0.03588020833333327 0.17645370370370367
9 0.24651041666666668 0.1636111111111111 0.03821354166666667 0.025685185185185193
3 0.22272916666666667 0.5892222222222222 0.05968750000000001 0.26054629629629633
3 0.12797916666666667 0.7257037037037037 0.04346354166666666 0.27835185185185174
3 0.524734375 0.6132037037037037 0.08480729166666663 0.2531666666666667
7 0.5764322916666667 0.5264722222222222 0.09972395833333329 0.2708981481481481
3 0.6244322916666667 0.3508425925925926 0.06337499999999992 0.19137037037037033
3 0.7341718749999999 0.2713148148148148 0.055453124999999895 0.20462037037037037
3 0.31456770833333336 0.31562962962962965 0.032666666666666684 0.20711111111111113
5 0.7270833333333333 0.5722222222222222 0.06041666666666667 0.2962962962962963
0 0.7111875 0.4459444444444444 0.01939583333333322 0.03837962962962967
2 0.5134010416666667 0.5400925925925926 0.012026041666666624 0.02545370370370371
3 0.3260416666666667 0.23229629629629628 0.040468750000000026 0.19445370370370368
3 0.48631250000000004 0.5941296296296296 0.045619791666666624 0.21209259259259255
2 0.7385052083333333 0.23572222222222222 0.008630208333333418 0.01985185185185185
2 0.13633333333333333 0.6841759259259259 0.007197916666666678 0.026685185185185128
2 0.23171875 0.537074074074074 0.007755208333333327 0.026138888888888906
2 0.32437499999999997 0.20352777777777778 0.006401041666666648 0.018435185185185207
2 0.620515625 0.3121388888888889 0.013718750000000076 0.022064814814814853