8 0.68125 0.8916666666666667 0.052083333333333336 0.21666666666666667
3 0.38789583333333333 0.8710277777777778 0.0918854166666667 0.2579351851851852
3 0.30426562500000004 0.6091111111111112 0.06225520833333332 0.26094444444444437
3 0.34482812500000004 0.650537037037037 0.07923437499999994 0.2970648148148147
3 0.365015625 0.665962962962963 0.1279635416666667 0.2051111111111111
3 0.48331250000000003 0.49327777777777776 0.04967187499999994 0.24028703703703702
3 0.393828125 0.4274351851851852 0.10064062500000001 0.19686111111111107
3 0.4287916666666666 0.39589814814814817 0.05370312499999995 0.1838888888888889
8 0.7360833333333333 0.29074074074074074 0.04546875000000009 0.20653703703703702
3 0.9103541666666667 0.4309444444444445 0.054421874999999884 0.250925925925926
3 0.8411354166666667 0.6745462962962963 0.06353645833333323 0.23923148148148138
3 0.9515052083333334 0.7156759259259259 0.09594791666666656 0.32380555555555557
2 0.9537135416666668 0.6467407407407407 0.030630208333333304 0.03764814814814822
2 0.398328125 0.6354444444444444 0.013359375000000047 0.03823148148148145
2 0.3382135416666667 0.5699907407407407 0.01303124999999999 0.03243518518518516
2 0.30823958333333334 0.5604351851851852 0.011729166666666657 0.034175925925926
9 0.28288541666666667 0.24328703703703702 0.039692708333333354 0.026009259259259263
0 0.30592708333333335 0.31409259259259265 0.013500000000000038 0.02637962962962964
2 0.9111718750000001 0.3871759259259259 0.009203125000000038 0.019296296296296325
2 0.38971354166666666 0.3995740740740741 0.010151041666666671 0.01998148148148152
2 0.42871354166666664 0.37274074074074076 0.0075677083333333195 0.017092592592592628
2 0.381703125 0.8158425925925926 0.0109010416666667 0.03265740740740739