3 0.21598958333333332 0.706787037037037 0.05035937499999997 0.19462962962962968
8 0.475609375 0.7593333333333334 0.06600000000000002 0.19074074074074074
2 0.21453645833333335 0.679962962962963 0.013526041666666681 0.028055555555555514
3 0.285921875 0.4951111111111111 0.054854166666666634 0.2194166666666667
3 0.25163541666666667 0.4004351851851852 0.04978124999999999 0.19170370370370368
3 0.35928125000000005 0.3915833333333333 0.03324999999999996 0.21274074074074067
3 0.37440104166666666 0.47858333333333336 0.05447916666666662 0.20238888888888887
3 0.374875 0.41762962962962963 0.05053645833333332 0.20606481481481487
3 0.385671875 0.546212962962963 0.09355208333333327 0.21340740740740743
3 0.65525 0.40777777777777774 0.08190625000000011 0.20639814814814816
3 0.8214114583333333 0.6475740740740741 0.06105208333333323 0.24647222222222226
3 0.8777708333333333 0.48910185185185184 0.06030208333333344 0.2474722222222222
9 0.3493229166666667 0.2077314814814815 0.033624999999999974 0.02271296296296299
8 0.2732395833333333 0.2710185185185185 0.03625520833333331 0.11855555555555553
2 0.29916145833333335 0.4632222222222222 0.0081666666666667 0.020018518518518522
2 0.3580052083333333 0.3532962962962963 0.006984375000000043 0.021888888888888878