0 0.34066145833333333 0.2738425925925926 0.020932291666666696 0.03140740740740737
9 0.3346458333333333 0.3179166666666667 0.03563020833333338 0.023490740740740746
8 0.29559895833333333 0.41491666666666666 0.04068229166666661 0.16470370370370366
8 0.44182812499999996 0.9180462962962963 0.05560416666666666 0.1639074074074074
3 0.75859375 0.8828703703703704 0.06927083333333334 0.23425925925925925
3 0.6741614583333334 0.8116666666666666 0.09010937499999988 0.2833796296296296
3 0.8239739583333333 0.5455740740740741 0.06271875000000003 0.24977777777777777
3 0.9092864583333333 0.5730833333333333 0.061348958333333314 0.2794814814814814
3 0.6329427083333333 0.38635185185185184 0.042177083333333344 0.22153703703703703
3 0.470390625 0.4793518518518519 0.054500000000000055 0.19524999999999995
3 0.43369270833333334 0.5728425925925925 0.040260416666666646 0.22446296296296298
3 0.40520833333333334 0.6268888888888888 0.05011979166666668 0.2137499999999999
3 0.40877083333333336 0.7685740740740741 0.06765104166666672 0.25854629629629633
3 0.487234375 0.6302962962962964 0.04984895833333335 0.24004629629629629
2 0.40867187499999996 0.5964722222222223 0.020552083333333353 0.03036111111111108
2 0.412875 0.7154074074074074 0.01470312500000001 0.02922222222222217
2 0.4935677083333333 0.5838888888888889 0.010593749999999957 0.031175925925925992
2 0.6876510416666667 0.7543611111111111 0.022244791666666687 0.03400000000000002
2 0.6369114583333333 0.34975925925925927 0.006239583333333343 0.018712962962962997
2 0.43690625 0.5293055555555556 0.015536458333333296 0.030037037037037088
2 0.465484375 0.4493425925925926 0.007692708333333324 0.01772222222222221
2 0.8294270833333334 0.49950000000000006 0.010083333333333399 0.023231481481481405