0 0.35465104166666667 0.32419444444444445 0.016984374999999947 0.030620370370370416
9 0.3583385416666667 0.2970462962962963 0.034526041666666646 0.023120370370370395
3 0.41645312500000004 0.49911111111111106 0.08452083333333332 0.19585185185185183
3 0.43779166666666663 0.4679259259259259 0.05333854166666671 0.21372222222222217
3 0.5569843750000001 0.3648888888888889 0.05128645833333329 0.2206481481481482
3 0.5829322916666667 0.599037037037037 0.049442708333333245 0.2629537037037037
3 0.5765729166666667 0.43728703703703703 0.06995833333333341 0.1932962962962963
8 0.8220781250000001 0.3780925925925926 0.04565104166666671 0.20654629629629634
3 0.7554114583333333 0.9564537037037038 0.07415104166666661 0.08709259259259254
3 0.96253125 0.9646111111111111 0.04782291666666675 0.07077777777777783
8 0.5527604166666666 0.9169444444444445 0.056760416666666674 0.16610185185185172
3 0.32801041666666664 0.8130740740740741 0.10917708333333327 0.2709537037037036
3 0.24178125 0.8212314814814813 0.07294270833333331 0.2872685185185184
8 0.037078124999999997 0.7548888888888888 0.05 0.26279629629629625
2 0.3162864583333333 0.7622314814814816 0.01704687500000001 0.0386203703703704
2 0.21958333333333335 0.7540555555555556 0.009807291666666688 0.03191666666666669
2 0.7693489583333334 0.9469444444444445 0.014447916666666553 0.03853703703703694
1 0.35855729166666667 0.31276851851851856 0.03473958333333336 0.05471296296296299
2 0.5595312499999999 0.32969444444444446 0.008223958333333314 0.01729629629629625
2 0.5729687499999999 0.4070925925925926 0.0071145833333332575 0.018796296296296255
2 0.593265625 0.5422962962962963 0.013406249999999887 0.03653703703703707
2 0.41298958333333335 0.46742592592592586 0.008515624999999952 0.016435185185185133