0 0.5152187500000001 0.23051851851851854 0.01782812500000001 0.03337962962962964
9 0.32589062500000004 0.2300925925925926 0.03565625000000002 0.02577777777777778
8 0.06544270833333334 0.6124722222222222 0.03978125 0.2143240740740741
8 0.4334895833333333 0.7908981481481481 0.04585416666666665 0.2710092592592593
8 0.6613958333333334 0.27289814814814817 0.027937499999999935 0.17653703703703702
3 0.37139062500000003 0.35090740740740745 0.06255729166666661 0.1986666666666666
3 0.37670312499999997 0.4065185185185185 0.06771875 0.19326851851851848
3 0.45140625 0.3511759259259259 0.035531250000000014 0.17545370370370372
3 0.46355729166666665 0.24590740740740738 0.036135416666666725 0.17869444444444446
3 0.6629166666666666 0.5374351851851852 0.045552083333333354 0.22620370370370366
5 0.5705989583333333 0.7031666666666666 0.04190625000000002 0.3244537037037038
3 0.6158489583333334 0.7374537037037038 0.12025520833333327 0.2569722222222222
3 0.2634375 0.6389259259259259 0.06285937499999997 0.22187962962962973
3 0.08836979166666666 0.7061388888888889 0.057697916666666675 0.2332222222222221
3 0.8611875 0.3906296296296296 0.04504687499999989 0.24451851851851844
2 0.5852083333333333 0.6871574074074074 0.00880729166666659 0.030435185185185083
2 0.37330729166666665 0.31960185185185186 0.012244791666666663 0.01957407407407406
2 0.251046875 0.6016481481481482 0.008916666666666668 0.019972222222222162
2 0.6002447916666667 0.6806574074074074 0.015625 0.028620370370370445
2 0.4674114583333333 0.21529629629629632 0.005307291666666695 0.014750000000000006