3 0.4379427083333333 0.5035185185185185 0.06998958333333327 0.2277037037037037
8 0.72734375 0.2953703703703704 0.04114583333333333 0.1925925925925926
3 0.34791666666666665 0.6138888888888889 0.065625 0.2518518518518518
3 0.8549479166666667 0.36712962962962964 0.0609375 0.20462962962962963
3 0.7841145833333333 0.774074074074074 0.1203125 0.19074074074074074
3 0.96640625 0.5587962962962963 0.058854166666666666 0.2657407407407407
3 0.23932291666666666 0.7347222222222223 0.049479166666666664 0.25462962962962965
8 0.7817708333333333 0.8601851851851852 0.057291666666666664 0.24444444444444444
3 0.5598958333333334 0.4925925925925926 0.053125 0.24259259259259258
3 0.39459375 0.4444444444444444 0.049781249999999964 0.20666666666666672
3 0.27578125 0.5986111111111111 0.05677083333333333 0.2212962962962963
8 0.11328125 0.6101851851851852 0.034895833333333334 0.24074074074074073
2 0.35182291666666665 0.5611111111111111 0.019270833333333334 0.03148148148148148
0 0.35442708333333334 0.22268518518518518 0.018229166666666668 0.030555555555555555
2 0.27109375 0.5611111111111111 0.011979166666666667 0.027777777777777776
9 0.3575520833333333 0.23055555555555557 0.0328125 0.020370370370370372
2 0.23098958333333333 0.6875 0.008854166666666666 0.03425925925925926
2 0.7665364583333333 0.7615740740740741 0.014322916666666666 0.023148148148148147
3 0.43173437499999995 0.4469444444444444 0.058354166666666644 0.20134259259259252
2 0.38631770833333334 0.41237962962962965 0.009343750000000029 0.01705555555555552
2 0.8568177083333333 0.33090740740740743 0.006802083333333305 0.019370370370370333