3 0.19992708333333334 0.6613148148148148 0.05877083333333335 0.18870370370370365
3 0.15793229166666667 0.6563148148148149 0.060541666666666674 0.2300925925925926
3 0.31522395833333333 0.5050185185185185 0.052994791666666666 0.22324999999999995
3 0.73659375 0.6900925925925926 0.05877083333333341 0.256537037037037
2 0.30378645833333334 0.4616388888888889 0.012015624999999967 0.026962962962962966
2 0.19448437500000001 0.6540277777777778 0.012406250000000027 0.02521296296296298
2 0.15095833333333333 0.6095648148148148 0.012406250000000027 0.03290740740740737
2 0.7432656249999999 0.6454537037037037 0.013390625000000019 0.03325925925925933
3 0.5801979166666666 0.5036481481481482 0.07090104166666672 0.23283333333333336
3 0.5026979166666666 0.4458796296296296 0.05770312499999998 0.21812962962962967
3 0.41210416666666666 0.44080555555555556 0.06873437500000001 0.21497222222222218
3 0.37813020833333333 0.4334537037037037 0.05199479166666663 0.20587037037037034
3 0.3858125 0.3765555555555556 0.044510416666666684 0.2167222222222223
3 0.2908854166666667 0.3602777777777778 0.07917187499999999 0.17856481481481484
8 0.26784375 0.30268518518518517 0.049630208333333314 0.18100925925925926
9 0.3530208333333333 0.21287037037037038 0.03170833333333339 0.02100925925925926
0 0.29692708333333334 0.10038888888888889 0.019145833333333327 0.03091666666666668
8 0.4622083333333334 0.7312685185185185 0.05346354166666671 0.16762037037037034
2 0.493765625 0.4136111111111111 0.005947916666666705 0.01898148148148148