0 0.2519270833333333 0.20774074074074075 0.016572916666666694 0.02919444444444442
9 0.25872395833333334 0.2068888888888889 0.03772395833333337 0.020990740740740754
8 0.19220312499999997 0.33994444444444444 0.04721874999999998 0.22457407407407404
8 0.24099479166666665 0.8341111111111111 0.0686875 0.31252777777777774
3 0.39772916666666663 0.5935 0.14116145833333332 0.2845925925925927
3 0.3443229166666667 0.5249444444444445 0.08207812499999996 0.26958333333333334
3 0.37386458333333333 0.38341666666666663 0.07538541666666668 0.21422222222222223
3 0.300515625 0.47267592592592594 0.07247395833333335 0.26440740740740737
3 0.24638020833333335 0.4687962962962963 0.05850520833333336 0.28769444444444436
3 0.58371875 0.354962962962963 0.056171874999999954 0.2545833333333334
3 0.8626979166666667 0.680425925925926 0.1082760416666666 0.22870370370370371
3 0.9641302083333334 0.4041203703703703 0.04569791666666655 0.2597499999999999
3 0.79371875 0.4056666666666667 0.05995833333333327 0.2545833333333334
2 0.40007291666666667 0.5406481481481481 0.011963541666666681 0.03370370370370379
2 0.347703125 0.4737962962962962 0.016630208333333365 0.037018518518518485
3 0.33728645833333337 0.49269444444444443 0.05829166666666671 0.23837962962962966
2 0.7936614583333333 0.35927777777777775 0.005088541666666657 0.01719444444444449
2 0.5833229166666667 0.3094537037037037 0.014223958333333305 0.018259259259259284
2 0.37881250000000005 0.35105555555555557 0.006510416666666667 0.015620370370370375
1 0.2591979166666667 0.23266666666666666 0.037156250000000016 0.07711111111111114
2 0.30669270833333334 0.4221759259259259 0.005859375 0.029888888888888864