0 0.37203125 0.36646296296296293 0.01735937499999996 0.030157407407407452
9 0.25318229166666667 0.2182962962962963 0.03452083333333332 0.02560185185185183
8 0.22822916666666665 0.32508333333333334 0.05799479166666668 0.184462962962963
8 0.58159375 0.8141666666666666 0.06278124999999998 0.13793518518518522
3 0.25631770833333334 0.7663518518518518 0.08939062499999997 0.22580555555555568
4 0.38746875000000003 0.49647222222222226 0.059375 0.24282407407407408
3 0.45717708333333335 0.4703703703703704 0.04263020833333329 0.21382407407407414
3 0.4812083333333333 0.6130462962962964 0.051979166666666646 0.2578981481481481
3 0.5424322916666667 0.5964166666666667 0.07742708333333331 0.2911574074074075
3 0.8103854166666667 0.4096666666666666 0.08613020833333328 0.23006481481481478
3 0.961328125 0.6395370370370371 0.07394791666666668 0.23973148148148155
3 0.3711302083333334 0.47962037037037036 0.061510416666666616 0.22920370370370366
3 0.31678125 0.535324074074074 0.08069270833333336 0.2014444444444444
2 0.270546875 0.7298148148148148 0.014749999999999996 0.030333333333333323
2 0.49192708333333335 0.5691481481481481 0.014458333333333328 0.03393518518518527
2 0.5448541666666666 0.5264722222222222 0.010411458333333219 0.03290740740740737
2 0.3288229166666667 0.501537037037037 0.010989583333333285 0.028277777777777745