8 0.709375 0.8009259259259259 0.05416666666666667 0.15925925925925927
3 0.4947916666666667 0.5064814814814815 0.078125 0.23148148148148148
3 0.7317708333333334 0.40925925925925927 0.052083333333333336 0.1925925925925926
8 0.8596354166666667 0.39444444444444443 0.04635416666666667 0.19074074074074074
3 0.1734375 0.7125 0.06354166666666666 0.27314814814814814
3 0.6744791666666666 0.6680555555555555 0.06979166666666667 0.22870370370370371
3 0.6609375 0.4125 0.04895833333333333 0.21574074074074073
3 0.5208333333333334 0.7842592592592592 0.05520833333333333 0.1925925925925926
3 0.6075520833333333 0.5606481481481481 0.0796875 0.2361111111111111
8 0.17447916666666666 0.362962962962963 0.05 0.17777777777777778
3 0.22239583333333332 0.4351851851851852 0.05520833333333333 0.2611111111111111
3 0.29791666666666666 0.45740740740740743 0.036458333333333336 0.2074074074074074
2 0.16302083333333334 0.6532407407407408 0.017708333333333333 0.030555555555555555
3 0.1609375 0.500462962962963 0.03333333333333333 0.23425925925925925
2 0.5260416666666666 0.7768518518518519 0.014583333333333334 0.027777777777777776
0 0.7671875 0.40555555555555556 0.014583333333333334 0.024074074074074074
2 0.7302083333333333 0.38055555555555554 0.008333333333333333 0.014814814814814815
9 0.7901041666666667 0.27685185185185185 0.034375 0.018518518518518517
2 0.6622395833333333 0.37083333333333335 0.0067708333333333336 0.017592592592592594
2 0.67734375 0.6277777777777778 0.009895833333333333 0.027777777777777776
2 0.2124427083333333 0.40775925925925927 0.008411458333333321 0.024287037037037055
2 0.598203125 0.5122407407407408 0.01189583333333341 0.026490740740740648