0 0.41407812499999996 0.2201851851851852 0.01829166666666661 0.03251851851851852
9 0.33509375 0.3331296296296296 0.036338541666666654 0.02109259259259257
8 0.2955416666666667 0.4278333333333334 0.042270833333333376 0.17711111111111114
3 0.4771145833333333 0.45332407407407405 0.044500000000000026 0.1894166666666667
3 0.579828125 0.3788333333333333 0.04227083333333326 0.1986481481481481
3 0.8008333333333333 0.5528703703703703 0.07045312499999999 0.2531388888888889
3 0.8343333333333334 0.5623148148148148 0.05488020833333328 0.2755555555555555
8 0.967578125 0.4432222222222222 0.05043229166666663 0.19557407407407404
3 0.6306302083333333 0.808425925925926 0.06575520833333333 0.2702870370370371
3 0.6635104166666667 0.8819074074074075 0.05834374999999999 0.23617592592592598
8 0.4356770833333333 0.9101851851851852 0.0546875 0.17962962962962964
3 0.42260416666666667 0.7458055555555556 0.06056770833333332 0.24347222222222226
3 0.458203125 0.681861111111111 0.048208333333333304 0.24391666666666673
3 0.5029479166666666 0.6743888888888889 0.06699479166666661 0.19645370370370377
3 0.49936458333333333 0.5557314814814815 0.04054166666666662 0.1463518518518518
2 0.41615104166666667 0.699 0.012364583333333339 0.028833333333333426
2 0.4669739583333333 0.6399074074074075 0.017343749999999977 0.03168518518518521
2 0.49588020833333335 0.6256296296296295 0.013489583333333381 0.02369444444444437
2 0.6285989583333333 0.7475277777777778 0.022640624999999897 0.03339814814814809
2 0.5825937499999999 0.34690740740740744 0.006119791666666667 0.018657407407407386
2 0.47261458333333334 0.418287037037037 0.007500000000000047 0.01609259259259259
2 0.7989635416666666 0.5005277777777778 0.014552083333333361 0.02071296296296286