9 0.35096875 0.29010185185185183 0.04111979166666669 0.030851851851851898
0 0.33836979166666664 0.4099074074074074 0.018776041666666642 0.03550000000000003
3 0.25433854166666664 0.7834629629629629 0.08461979166666665 0.27721296296296305
3 0.333140625 0.7952962962962963 0.09769791666666663 0.27721296296296305
8 0.5796875 0.925 0.059375 0.15
3 0.8298177083333333 0.9580740740740741 0.058473958333333326 0.08384259259259265
3 0.5620468750000001 0.5865462962962963 0.05538541666666674 0.24340740740740746
3 0.6019791666666666 0.4701203703703704 0.08581249999999987 0.19480555555555548
3 0.56478125 0.37651851851851853 0.05419791666666664 0.2273518518518518
8 0.8499010416666667 0.38200925925925927 0.07249999999999991 0.20960185185185184
3 0.45484375 0.46399074074074076 0.07677604166666671 0.22481481481481477
3 0.4214427083333333 0.49294444444444446 0.07939062500000003 0.22692592592592592
2 0.33159374999999996 0.7395185185185185 0.015687499999999945 0.04056481481481476
2 0.24899479166666666 0.720925925925926 0.013546874999999995 0.03549999999999993
8 0.0234375 0.7662037037037037 0.046875 0.2916666666666667
2 0.5657604166666667 0.34042592592592597 0.008838541666666562 0.016555555555555553
2 0.41063541666666664 0.45075925925925925 0.008151041666666714 0.017416666666666615
2 0.595546875 0.43597222222222226 0.0065572916666667425 0.016740740740740778