8 0.71328125 0.8018518518518518 0.0546875 0.1574074074074074
3 0.6622395833333333 0.4083333333333333 0.04739583333333333 0.2111111111111111
3 0.5330729166666667 0.7856481481481481 0.05677083333333333 0.18981481481481483
3 0.5674479166666667 0.5643518518518519 0.06822916666666666 0.2490740740740741
3 0.29140625 0.46064814814814814 0.04739583333333333 0.20462962962962963
3 0.71484375 0.38055555555555554 0.043229166666666666 0.16296296296296298
8 0.8588541666666667 0.39537037037037037 0.04895833333333333 0.18888888888888888
3 0.17708333333333334 0.7143518518518519 0.06041666666666667 0.2675925925925926
3 0.67734375 0.674537037037037 0.0578125 0.23796296296296296
8 0.16614583333333333 0.3560185185185185 0.05625 0.19166666666666668
3 0.47421875 0.5055555555555555 0.0390625 0.24074074074074073
3 0.16875 0.5027777777777778 0.036458333333333336 0.2388888888888889
2 0.1671875 0.6574074074074074 0.017708333333333333 0.03148148148148148
3 0.23463541666666668 0.4351851851851852 0.0390625 0.2611111111111111
2 0.53515625 0.7782407407407408 0.015104166666666667 0.028703703703703703
2 0.6635416666666667 0.36898148148148147 0.007291666666666667 0.017592592592592594
0 0.7916666666666666 0.26666666666666666 0.017708333333333333 0.03148148148148148
2 0.6809895833333334 0.6300925925925925 0.009895833333333333 0.026851851851851852
2 0.7192708333333333 0.36342592592592593 0.008333333333333333 0.013888888888888888
9 0.7893229166666667 0.2777777777777778 0.03177083333333333 0.018518518518518517
2 0.5604166666666667 0.512962962962963 0.013541666666666667 0.027777777777777776
2 0.22348437499999999 0.4060092592592593 0.009010416666666642 0.023851851851851843