8 0.58828125 0.7680555555555556 0.06927083333333334 0.2212962962962963
3 0.7645833333333333 0.6259259259259259 0.05625 0.22407407407407406
3 0.64921875 0.38842592592592595 0.06510416666666667 0.19166666666666668
8 0.023177083333333334 0.3486111111111111 0.04635416666666667 0.19166666666666668
3 0.4557291666666667 0.6333333333333333 0.06979166666666667 0.25555555555555554
3 0.2828125 0.7444444444444445 0.06041666666666667 0.27037037037037037
8 0.7841145833333333 0.36574074074074076 0.043229166666666666 0.1962962962962963
3 0.38125 0.3314814814814815 0.053125 0.19074074074074074
3 0.8375 0.7314814814814815 0.059375 0.20555555555555555
3 0.415625 0.37453703703703706 0.051041666666666666 0.2175925925925926
2 0.6677083333333333 0.300462962962963 0.008333333333333333 0.017592592592592594
3 0.6658854166666667 0.31666666666666665 0.04010416666666667 0.1648148148148148
2 0.46015625 0.575925925925926 0.019270833333333334 0.02962962962962963
2 0.8455729166666667 0.7097222222222223 0.013020833333333334 0.028703703703703703
3 0.20689062500000002 0.5099907407407407 0.056911458333333324 0.27159259259259255
2 0.2864583333333333 0.6935185185185185 0.0125 0.02962962962962963
2 0.415625 0.3277777777777778 0.009375 0.024074074074074074
3 0.22760416666666666 0.49907407407407406 0.075 0.24444444444444444
9 0.7296875 0.24166666666666667 0.03333333333333333 0.018518518518518517
2 0.653125 0.35 0.008333333333333333 0.022222222222222223
2 0.7635416666666667 0.5842592592592593 0.009375 0.020370370370370372
2 0.38125 0.30324074074074076 0.009375 0.019444444444444445
2 0.19466666666666665 0.4931759259259259 0.00966145833333331 0.023768518518518585