0 0.27034375 0.2472592592592593 0.017776041666666693 0.030555555555555555
9 0.2740520833333333 0.2330925925925926 0.030994791666666664 0.022194444444444468
8 0.24033854166666666 0.3314166666666667 0.04289583333333334 0.1572222222222223
3 0.21183854166666669 0.39723148148148146 0.06522395833333335 0.1875185185185185
3 0.28543749999999996 0.4229537037037037 0.05435416666666664 0.21493518518518517
3 0.37040104166666665 0.5210370370370371 0.04133854166666673 0.23768518518518522
3 0.33831249999999996 0.5857685185185185 0.052578125000000024 0.19740740740740745
3 0.2974114583333333 0.6049814814814815 0.054484374999999946 0.12268518518518519
8 0.3205 0.7670277777777778 0.0681458333333333 0.24568518518518512
3 0.3970364583333333 0.5753148148148148 0.07593229166666665 0.20601851851851852
3 0.5094635416666667 0.4573888888888889 0.0759322916666667 0.21739814814814812
3 0.5773489583333333 0.3144074074074074 0.04012499999999998 0.1897222222222222
3 0.39236458333333335 0.33685185185185185 0.043067708333333364 0.19279629629629633
2 0.37455208333333334 0.47153703703703703 0.007093749999999943 0.025518518518518468
2 0.39625520833333333 0.5308796296296296 0.014182291666666676 0.026138888888888906
2 0.34843229166666667 0.5379537037037038 0.016776041666666686 0.026750000000000093
8 0.8293958333333333 0.35025 0.042005208333333384 0.1763333333333334
3 0.9215364583333333 0.45118518518518513 0.05446874999999996 0.21631481481481477
2 0.5783854166666667 0.2820648148148148 0.006401041666666648 0.015537037037037012
2 0.39432812500000003 0.30136111111111114 0.002937500000000052 0.014240740740740736
2 0.22244270833333332 0.3691574074074074 0.007270833333333352 0.013814814814814776
2 0.2814166666666667 0.3833796296296296 0.007661458333333353 0.01596296296296297
1 0.27434375 0.2525833333333333 0.02893749999999997 0.058583333333333314
2 0.5093854166666667 0.4192962962962963 0.010218749999999943 0.027129629629629587