8 0.8234375 0.887962962962963 0.06458333333333334 0.22407407407407406
3 0.20579166666666668 0.49027777777777776 0.08033854166666667 0.2490740740740741
8 0.7536458333333333 0.28379629629629627 0.04375 0.21203703703703702
3 0.634375 0.7527777777777778 0.06354166666666666 0.25555555555555554
3 0.437890625 0.524074074074074 0.05963020833333334 0.2740740740740741
3 0.353296875 0.5187314814814815 0.056947916666666626 0.2551851851851851
3 0.3575520833333333 0.7592592592592593 0.0609375 0.2388888888888889
3 0.2984375 0.44305555555555554 0.051041666666666666 0.23981481481481481
8 0.06536458333333334 0.6342592592592593 0.04114583333333333 0.26851851851851855
3 0.39296875 0.446962962962963 0.048708333333333326 0.274574074074074
3 0.35651041666666666 0.44919444444444445 0.0640625 0.2932777777777778
2 0.4505208333333333 0.4652777777777778 0.013541666666666667 0.030555555555555555
2 0.3536458333333333 0.4666666666666667 0.009375 0.02962962962962963
9 0.340625 0.20925925925925926 0.036458333333333336 0.022222222222222223
2 0.3578125 0.7324074074074074 0.013541666666666667 0.037037037037037035
3 0.9895833333333334 0.3875 0.020833333333333332 0.2361111111111111
2 0.65703125 0.7138888888888889 0.0078125 0.03333333333333333
2 0.30078125 0.39861111111111114 0.011979166666666667 0.019444444444444445
2 0.18880208333333334 0.44675925925925924 0.0078125 0.028703703703703703
4 0.34388541666666667 0.23776851851851855 0.016109375000000033 0.02837962962962961
1 0.34128125 0.22479629629629633 0.036953125000000024 0.05638888888888889
2 0.35038020833333333 0.3872037037037037 0.008729166666666661 0.02156481481481478