8 0.5877604166666667 0.774537037037037 0.06927083333333334 0.20833333333333334
3 0.23723958333333334 0.7361111111111112 0.058854166666666666 0.28703703703703703
3 0.7705729166666667 0.7319444444444444 0.08177083333333333 0.2490740740740741
8 0.03177083333333333 0.34629629629629627 0.04791666666666667 0.19814814814814816
3 0.575 0.5324074074074074 0.06770833333333333 0.25
3 0.7708333333333334 0.3907407407407407 0.06770833333333333 0.1925925925925926
3 0.41458333333333336 0.37037037037037035 0.051041666666666666 0.20555555555555555
3 0.74375 0.5990740740740741 0.0625 0.21666666666666667
3 0.10729166666666666 0.5278981481481482 0.05416666666666667 0.3016111111111111
3 0.38333333333333336 0.35324074074074074 0.06458333333333334 0.20462962962962963
3 0.06276041666666667 0.4810185185185185 0.04635416666666667 0.24351851851851852
2 0.5729166666666666 0.4828703703703704 0.017708333333333333 0.028703703703703703
2 0.10234375 0.5074074074074074 0.013020833333333334 0.024074074074074074
0 0.7348958333333333 0.287962962962963 0.013541666666666667 0.024074074074074074
2 0.23385416666666667 0.6773148148148148 0.0125 0.028703703703703703
2 0.7768229166666667 0.6865740740740741 0.013020833333333334 0.030555555555555555
3 0.7442708333333333 0.41944444444444445 0.04479166666666667 0.1925925925925926
2 0.7419270833333333 0.5578703703703703 0.013020833333333334 0.028703703703703703
9 0.7299479166666667 0.24212962962962964 0.033854166666666664 0.019444444444444445
2 0.3841145833333333 0.32222222222222224 0.0078125 0.018518518518518517
8 0.7753958333333333 0.35550925925925925 0.03494270833333341 0.16812037037037042