8 0.8916666666666667 0.8925925925925926 0.06875 0.21481481481481482
3 0.14713541666666666 0.49583333333333335 0.07760416666666667 0.25277777777777777
8 0.7541666666666667 0.2828703703703704 0.04479166666666667 0.21203703703703702
3 0.6375 0.7527777777777778 0.06875 0.2537037037037037
3 0.4428229166666667 0.5273611111111111 0.06790625000000006 0.27248148148148144
3 0.3547083333333333 0.51975 0.0526979166666667 0.2627685185185185
8 0.06432291666666666 0.6416666666666667 0.034895833333333334 0.2722222222222222
3 0.4013125 0.777425925925926 0.10675520833333335 0.20255555555555554
2 0.43984375 0.4689814814814815 0.021354166666666667 0.030555555555555555
3 0.30641666666666667 0.4180185185185185 0.0900625 0.19017592592592591
2 0.6341145833333334 0.7189814814814814 0.011979166666666667 0.032407407407407406
2 0.13255208333333332 0.44351851851851853 0.008854166666666666 0.02962962962962963
9 0.340625 0.20879629629629629 0.03854166666666667 0.023148148148148147
2 0.36380208333333336 0.46296296296296297 0.0078125 0.02962962962962963
2 0.4010416666666667 0.7481481481481481 0.016666666666666666 0.03518518518518519
2 0.4596354166666667 0.4041666666666667 0.0140625 0.032407407407407406
4 0.34025 0.4572962962962963 0.0457916666666667 0.28474999999999995
3 0.455265625 0.4683981481481482 0.05243229166666671 0.27838888888888896
0 0.32855208333333336 0.38008333333333333 0.01722916666666663 0.03357407407407407