3 0.19166666666666668 0.6833333333333333 0.07291666666666667 0.3
3 0.05911458333333333 0.7351851851851852 0.0671875 0.3074074074074074
3 0.6885416666666667 0.6018518518518519 0.07083333333333333 0.2851851851851852
3 0.19010416666666666 0.5 0.071875 0.22592592592592592
3 0.35833333333333334 0.49027777777777776 0.06145833333333333 0.22685185185185186
3 0.7416666666666667 0.6 0.07916666666666666 0.25
3 0.5947916666666667 0.33425925925925926 0.059375 0.2
8 0.37005208333333334 0.3074074074074074 0.0421875 0.2037037037037037
8 0.2598958333333333 0.8800925925925925 0.051041666666666666 0.23981481481481481
2 0.690625 0.5416666666666666 0.020833333333333332 0.02962962962962963
3 0.6338645833333333 0.2892777777777778 0.05935416666666669 0.2155925925925926
2 0.6981770833333333 0.47638888888888886 0.0171875 0.030555555555555555
2 0.04869791666666667 0.6675925925925926 0.0109375 0.02962962962962963
2 0.19505208333333332 0.6240740740740741 0.0109375 0.02962962962962963
9 0.7484375 0.24351851851851852 0.0375 0.020370370370370372
2 0.6309895833333333 0.25277777777777777 0.008854166666666666 0.018518518518518517
2 0.3541666666666667 0.43657407407407406 0.009375 0.026851851851851852
0 0.32708333333333334 0.29953703703703705 0.015625 0.028703703703703703
4 0.30703125 0.3449074074074074 0.05677083333333333 0.21944444444444444
2 0.75234375 0.5486111111111112 0.0109375 0.032407407407407406
2 0.19088541666666667 0.44814814814814813 0.008854166666666666 0.025925925925925925
3 0.697953125 0.5390833333333334 0.057223958333333276 0.2622685185185185
2 0.6030156249999999 0.2952314814814815 0.013380208333333362 0.029296296296296282