3 0.8421875 0.36435185185185187 0.06979166666666667 0.20277777777777778
3 0.43563541666666666 0.5044722222222222 0.07747395833333333 0.21923148148148147
3 0.27239583333333334 0.611574074074074 0.06354166666666666 0.25462962962962965
8 0.7234375 0.2953703703703704 0.03958333333333333 0.18703703703703703
3 0.35520833333333335 0.6314814814814815 0.078125 0.25
3 0.5682291666666667 0.49074074074074076 0.04479166666666667 0.24074074074074073
3 0.9575520833333333 0.5574074074074075 0.05364583333333333 0.27037037037037037
3 0.7799479166666666 0.7847222222222222 0.11822916666666666 0.1675925925925926
8 0.11588541666666667 0.6078703703703704 0.033854166666666664 0.23796296296296296
8 0.7760416666666666 0.8532407407407407 0.057291666666666664 0.24351851851851852
3 0.40590625 0.4345 0.04784374999999995 0.21399999999999994
3 0.228359375 0.732111111111111 0.044270833333333336 0.24722222222222223
2 0.35598958333333336 0.5805555555555556 0.019270833333333334 0.03148148148148148
2 0.26640625 0.5587962962962963 0.011979166666666667 0.026851851851851852
0 0.35911458333333335 0.20185185185185187 0.016145833333333335 0.027777777777777776
2 0.3927083333333333 0.3990740740740741 0.008333333333333333 0.020370370370370372
9 0.3578125 0.2310185185185185 0.03229166666666667 0.019444444444444445
2 0.22239583333333332 0.6856481481481481 0.008333333333333333 0.03425925925925926
3 0.43573958333333335 0.46151851851851844 0.05960937500000003 0.2046018518518518
2 0.8400104166666666 0.32753703703703707 0.006609375000000028 0.019212962962962963