3 0.9296875 0.5328703703703703 0.08541666666666667 0.23796296296296296
3 0.46953125 0.37916666666666665 0.0546875 0.18611111111111112
8 0.7627604166666667 0.7796296296296297 0.049479166666666664 0.1962962962962963
3 0.23125 0.611574074074074 0.06770833333333333 0.20092592592592592
3 0.6106770833333334 0.4976851851851852 0.07135416666666666 0.20277777777777778
3 0.6466145833333333 0.3226851851851852 0.05572916666666667 0.15833333333333333
3 0.5723958333333333 0.6041666666666666 0.065625 0.225
3 0.3807291666666667 0.5111111111111111 0.07291666666666667 0.20925925925925926
8 0.6778645833333333 0.30324074074074076 0.03802083333333333 0.15462962962962962
2 0.39869791666666665 0.5888888888888889 0.013020833333333334 0.02962962962962963
2 0.58203125 0.5430555555555555 0.016145833333333335 0.025
0 0.36197395833333335 0.5476944444444445 0.01359895833333328 0.026037037037036935
3 0.11197916666666667 0.6694444444444444 0.058333333333333334 0.1962962962962963
2 0.4708333333333333 0.3490740740740741 0.007291666666666667 0.018518518518518517
2 0.3888020833333333 0.4773148148148148 0.008854166666666666 0.017592592592592594
9 0.31979166666666664 0.22962962962962963 0.029166666666666667 0.018518518518518517
2 0.6041666666666666 0.46296296296296297 0.010416666666666666 0.018518518518518517
8 0.10572916666666667 0.5675925925925925 0.028125 0.2074074074074074
2 0.10598958333333333 0.6476851851851851 0.009895833333333333 0.028703703703703703
2 0.6434895833333333 0.29583333333333334 0.0078125 0.013888888888888888
3 0.6883645833333334 0.739574074074074 0.1000052083333332 0.1475277777777777
4 0.37522916666666667 0.6102592592592593 0.06258333333333338 0.17647222222222214
2 0.6786041666666667 0.7734166666666666 0.008359375000000094 0.010648148148148148