0 0.43207812500000004 0.1091851851851852 0.017338541666666648 0.02697222222222223
9 0.34744270833333335 0.32331481481481483 0.031682291666666626 0.021185185185185182
3 0.12823958333333335 0.810962962962963 0.08593229166666669 0.24056481481481476
3 0.2711354166666667 0.758287037037037 0.056302083333333315 0.21715740740740738
3 0.611078125 0.8845555555555558 0.07111458333333331 0.23087962962962966
3 0.63659375 0.5905925925925927 0.06420312499999999 0.21890740740740747
3 0.923203125 0.5109907407407407 0.04741145833333344 0.2423240740740741
3 0.49699479166666666 0.43606481481481485 0.03654687500000004 0.18379629629629635
3 0.37007291666666664 0.5071851851851852 0.08560416666666673 0.1878888888888889
3 0.38653125 0.47148148148148145 0.06980208333333332 0.1949166666666666
3 0.50753125 0.35441666666666666 0.04115624999999999 0.1726666666666667
8 0.7174270833333334 0.3731481481481482 0.044119791666666686 0.1726666666666667
8 0.470328125 0.891 0.05893229166666671 0.21800000000000005
8 0.06996354166666667 0.7217037037037037 0.04840104166666667 0.22827777777777775
3 0.7340520833333334 0.9536296296296297 0.0582760416666666 0.09274074074074071
2 0.5101197916666667 0.3311018518518518 0.00834374999999999 0.016712962962962923
2 0.506 0.4054074074074074 0.008010416666666723 0.020842592592592583
2 0.63971875 0.548 0.010578124999999971 0.0322962962962964