8 0.7184895833333333 0.7865740740740741 0.0515625 0.18796296296296297
3 0.16640625 0.7231481481481481 0.0828125 0.2740740740740741
3 0.38984375 0.6064814814814815 0.06614583333333333 0.23333333333333334
8 0.09036458333333333 0.37083333333333335 0.06302083333333333 0.16944444444444445
3 0.6619791666666667 0.6523148148148148 0.059375 0.23055555555555557
8 0.87109375 0.3814814814814815 0.0421875 0.1814814814814815
3 0.18932291666666667 0.49583333333333335 0.044270833333333336 0.24166666666666667
3 0.4244791666666667 0.49722222222222223 0.05520833333333333 0.21851851851851853
3 0.66015625 0.37592592592592594 0.0453125 0.19074074074074074
3 0.321875 0.44537037037037036 0.057291666666666664 0.1925925925925926
3 0.5721354166666667 0.7736111111111111 0.059895833333333336 0.21203703703703702
3 0.6908854166666667 0.3111111111111111 0.0359375 0.1814814814814815
2 0.4200520833333333 0.449537037037037 0.013020833333333334 0.026851851851851852
2 0.68984375 0.28564814814814815 0.0078125 0.017592592592592594
2 0.5651041666666666 0.7523148148148148 0.0125 0.028703703703703703
2 0.14765625 0.6601851851851852 0.0109375 0.02962962962962963
3 0.2955729166666667 0.41435185185185186 0.0421875 0.25462962962962965
9 0.80625 0.26990740740740743 0.03125 0.017592592592592594
0 0.47265625 0.012037037037037037 0.0171875 0.024074074074074074
2 0.6567708333333333 0.3416666666666667 0.00625 0.016666666666666666
2 0.33745312499999996 0.4096574074074074 0.009343750000000029 0.02345370370370374
2 0.28181770833333336 0.39372222222222225 0.007286458333333338 0.022444444444444454
2 0.6429166666666667 0.6069166666666667 0.005854166666666553 0.017611111111111095