3 0.6815104166666667 0.7490740740740741 0.06927083333333334 0.25925925925925924
3 0.5040729166666666 0.4726851851851852 0.09668750000000005 0.19907407407407407
3 0.4234375 0.42669444444444443 0.08125 0.20338888888888887
3 0.83984375 0.5013888888888889 0.0671875 0.2490740740740741
8 0.15859375 0.6425925925925926 0.0546875 0.22777777777777777
3 0.5166666666666667 0.6439814814814815 0.065625 0.21203703703703702
3 0.8575520833333333 0.3638888888888889 0.05572916666666667 0.18518518518518517
2 0.42421875 0.4 0.008854166666666666 0.020370370370370372
0 0.40520833333333334 0.5375 0.020833333333333332 0.03425925925925926
8 0.7921875 0.31203703703703706 0.046875 0.1685185185185185
2 0.70234375 0.7055555555555556 0.015104166666666667 0.03148148148148148
9 0.303125 0.2199074074074074 0.03125 0.021296296296296296
3 0.98046875 0.4412037037037037 0.0390625 0.22870370370370371
2 0.8661458333333333 0.3300925925925926 0.00625 0.023148148148148147
2 0.5013020833333334 0.4439814814814815 0.005729166666666666 0.021296296296296296
4 0.42951562499999996 0.506824074074074 0.054994791666666626 0.151