3 0.19348958333333333 0.4287037037037037 0.06197916666666667 0.21666666666666667
3 0.6190104166666667 0.4064814814814815 0.0640625 0.23333333333333334
3 0.4817708333333333 0.3476851851851852 0.051041666666666666 0.2212962962962963
3 0.30520833333333336 0.49444444444444446 0.05625 0.22407407407407406
8 0.5864583333333333 0.8449074074074074 0.075 0.287962962962963
3 0.6513020833333333 0.4722222222222222 0.0515625 0.26296296296296295
8 0.72109375 0.35833333333333334 0.0421875 0.21296296296296297
3 0.3984375 0.27175925925925926 0.040625 0.19722222222222222
5 0.44088541666666664 0.6800925925925926 0.050520833333333334 0.38425925925925924
3 0.16822916666666668 0.34675925925925927 0.041666666666666664 0.2101851851851852
8 0.022135416666666668 0.3111111111111111 0.044270833333333336 0.20185185185185187
7 0.4869791666666667 0.6166666666666667 0.07604166666666666 0.29074074074074074
3 0.315625 0.40694444444444444 0.036458333333333336 0.22870370370370371
0 0.4627604166666667 0.4398148148148148 0.0203125 0.03148148148148148
2 0.44036458333333334 0.6592592592592592 0.011979166666666667 0.03148148148148148
9 0.64140625 0.2050925925925926 0.034895833333333334 0.023148148148148147
2 0.309375 0.43842592592592594 0.010416666666666666 0.025
2 0.6583333333333333 0.4050925925925926 0.008333333333333333 0.025
2 0.4713541666666667 0.3106481481481482 0.007291666666666667 0.021296296296296296
2 0.403125 0.2361111111111111 0.011458333333333333 0.018518518518518517
2 0.19348958333333333 0.3861111111111111 0.008854166666666666 0.022222222222222223
2 0.16755729166666666 0.30900925925925926 0.009963541666666664 0.018425925925925905