6 0.2191979166666667 0.3691388888888889 0.05681770833333335 0.29263888888888895
0 0.21181770833333333 0.24421296296296297 0.01690625000000002 0.028888888888888905
8 0.14636458333333333 0.36319444444444443 0.03982812500000001 0.1817222222222222
3 0.11335937499999998 0.5199074074074074 0.06406249999999998 0.2238055555555556
3 0.26515625000000004 0.5308055555555555 0.05681770833333332 0.20994444444444446
3 0.3003854166666667 0.42385185185185187 0.049296875000000046 0.2198518518518519
3 0.5276614583333334 0.5615 0.04484375000000001 0.24162962962962967
3 0.6314114583333333 0.6060648148148148 0.05236458333333331 0.2297500000000001
3 0.6187395833333333 0.46296296296296297 0.04985416666666656 0.21489814814814812
3 0.6053177083333333 0.3728796296296296 0.042213541666666764 0.1915092592592593
3 0.3794895833333333 0.2948611111111111 0.040385416666666646 0.1698333333333333
8 0.7276406249999999 0.33719444444444446 0.048739583333333295 0.1752870370370371
3 0.8958697916666666 0.5236203703703703 0.03314583333333327 0.24113888888888896
2 0.6448437499999999 0.5566944444444445 0.009255208333333324 0.024175925925925833
2 0.277265625 0.4961666666666667 0.011343749999999986 0.026685185185185128
2 0.21196875 0.3532962962962963 0.008744791666666647 0.022620370370370325
9 0.19583333333333333 0.24687962962962962 0.02765625000000001 0.022268518518518503
8 0.26042187499999997 0.7647777777777778 0.05614583333333331 0.2170555555555556
2 0.3760572916666666 0.26993518518518517 0.006203125000000043 0.012259259259259268
2 0.6028020833333334 0.33892592592592596 0.007708333333333428 0.019064814814814843