3 0.37509895833333334 0.5989074074074074 0.07785416666666668 0.1786111111111112
4 0.20427604166666666 0.5419814814814815 0.06380729166666667 0.29670370370370375
3 0.26034375 0.4177592592592593 0.06642708333333332 0.15152777777777776
8 0.11784895833333335 0.36696296296296294 0.039520833333333345 0.16507407407407404
3 0.37473958333333335 0.42008333333333336 0.05428125000000002 0.19004629629629635
3 0.351171875 0.2994537037037037 0.05190104166666672 0.1570277777777778
3 0.5042604166666667 0.5557407407407408 0.05618749999999994 0.2209444444444444
3 0.54378125 0.5794444444444444 0.04761458333333337 0.21416666666666662
3 0.63425 0.49394444444444446 0.06190104166666662 0.21586111111111117
3 0.6019895833333333 0.3718333333333333 0.05642708333333341 0.18157407407407408
8 0.749484375 0.3409351851851852 0.045713541666666656 0.1570277777777778
3 0.8348385416666667 0.5110833333333333 0.031187500000000055 0.22475
8 0.23394791666666667 0.7441018518518518 0.05809895833333331 0.20718518518518517
9 0.16690624999999998 0.24905555555555559 0.03266145833333335 0.02138888888888891
2 0.19883854166666665 0.5105277777777778 0.013276041666666672 0.025481481481481466
2 0.36923958333333334 0.5487407407407408 0.014937500000000032 0.0268240740740741
2 0.5525416666666667 0.536 0.009203125000000038 0.019583333333333418
0 0.21697395833333333 0.4073888888888889 0.016572916666666694 0.03046296296296294
2 0.35596875 0.28005555555555556 0.00592708333333339 0.011342592592592593
2 0.37184375000000003 0.39041666666666663 0.0046718750000000146 0.01313888888888894
2 0.49649479166666666 0.5203333333333333 0.009328125000000043 0.015898148148148217
2 0.632140625 0.4630092592592593 0.007515624999999915 0.01313888888888894
2 0.6097708333333334 0.34547222222222224 0.008489583333333429 0.019351851851851832