8 0.8200520833333333 0.8856481481481482 0.06197916666666667 0.22870370370370371
8 0.7533854166666667 0.2833333333333333 0.044270833333333336 0.21296296296296297
3 0.3534947916666667 0.7563981481481481 0.06592708333333329 0.2483055555555556
3 0.6580729166666667 0.7537037037037037 0.06927083333333334 0.2518518518518518
3 0.44609375 0.5273148148148148 0.0578125 0.275
3 0.28880208333333335 0.47309259259259256 0.0703125 0.25566666666666665
8 0.065625 0.6337962962962963 0.041666666666666664 0.26944444444444443
3 0.23406249999999998 0.4824074074074074 0.04729166666666664 0.2537037037037037
3 0.3627239583333333 0.44298148148148153 0.06117187500000002 0.29537037037037045
3 0.337078125 0.5146851851851852 0.04290104166666661 0.2571481481481482
2 0.35651041666666666 0.38287037037037036 0.008854166666666666 0.023148148148148147
2 0.35182291666666665 0.7240740740740741 0.016145833333333335 0.037037037037037035
2 0.34140625 0.4564814814814815 0.008854166666666666 0.02962962962962963
2 0.45677083333333335 0.46620370370370373 0.010416666666666666 0.030555555555555555
9 0.34036458333333336 0.2101851851851852 0.03697916666666667 0.024074074074074074
3 0.3958229166666667 0.44472222222222224 0.039609374999999974 0.2718888888888889
0 0.33984375 0.20833333333333334 0.019270833333333334 0.027777777777777776
2 0.6705729166666666 0.7106481481481481 0.009895833333333333 0.032407407407407406
2 0.2970416666666667 0.41444444444444445 0.015916666666666638 0.024009259259259213