8 0.26047395833333337 0.35436111111111107 0.03662499999999997 0.16628703703703707
8 0.41515625 0.8413703703703703 0.06749999999999995 0.23409259259259255
8 0.8667864583333333 0.35059259259259257 0.038442708333333304 0.18888888888888888
5 0.7629583333333334 0.4288981481481481 0.05236979166666676 0.26368518518518513
0 0.7030208333333333 0.21767592592592594 0.018463541666666573 0.03498148148148151
7 0.6364270833333333 0.47544444444444445 0.11593229166666674 0.2147129629629629
3 0.5416822916666667 0.5701574074074074 0.045708333333333385 0.1673611111111111
3 0.47660416666666666 0.643074074074074 0.08505729166666663 0.128074074074074
3 0.5389583333333333 0.7211018518518518 0.06689583333333336 0.26691666666666664
3 0.4492083333333333 0.8063981481481481 0.05690625 0.2545370370370369
3 0.34084375 0.6094351851851852 0.07264583333333334 0.20718518518518517
3 0.44996354166666663 0.3589351851851852 0.0444947916666667 0.1926481481481481
3 0.47372916666666665 0.2766018518518519 0.05145833333333331 0.2001851851851852
9 0.2936197916666667 0.2507685185185185 0.03511458333333337 0.027981481481481506
3 0.55778125 0.5641296296296296 0.04150520833333336 0.18344444444444438
2 0.5379531249999999 0.5544444444444444 0.019479166666666714 0.032157407407407426
2 0.5398072916666667 0.6591481481481481 0.02318749999999999 0.03380555555555555
2 0.46193229166666666 0.6256666666666667 0.009703125000000057 0.02574999999999995
2 0.7603229166666666 0.40112037037037035 0.005625000000000094 0.018379629629629652
2 0.477578125 0.2481851851851852 0.0051354166666666146 0.01649074074074069