9 0.29008333333333336 0.23500925925925925 0.034260416666666654 0.022333333333333337
8 0.231765625 0.3616481481481481 0.044968750000000016 0.20353703703703707
8 0.30580729166666665 0.8351759259259259 0.06328645833333332 0.249925925925926
3 0.3103385416666667 0.6488333333333334 0.10121354166666666 0.2510277777777779
3 0.37331770833333333 0.6495648148148148 0.06967708333333332 0.27155555555555555
3 0.43381770833333333 0.6325185185185185 0.06988020833333337 0.2785185185185185
4 0.2579791666666667 0.4568055555555556 0.12306250000000002 0.24370370370370376
0 0.2808645833333333 0.3994537037037037 0.021645833333333305 0.03957407407407408
3 0.296015625 0.4137407407407408 0.057718749999999965 0.2426018518518519
3 0.4226875 0.39101851851851854 0.04679166666666663 0.22354629629629624
3 0.5266822916666667 0.3307407407407407 0.06555208333333334 0.22464814814814815
3 0.8026979166666667 0.404212962962963 0.05606770833333338 0.22208333333333335
3 0.9085520833333334 0.41355555555555557 0.054625000000000055 0.2481018518518519
3 0.6187239583333334 0.8016481481481481 0.11729166666666657 0.33824999999999994
2 0.42421875 0.5768888888888889 0.0191041666666667 0.03425000000000001
2 0.30586458333333333 0.6021481481481482 0.01484375 0.03425000000000001
2 0.38505729166666663 0.594574074074074 0.014052083333333344 0.02919444444444442
2 0.5302083333333333 0.29560185185185184 0.01373958333333339 0.01706481481481477
2 0.7959583333333333 0.3663240740740741 0.004588541666666638 0.016833333333333287
2 0.8974791666666667 0.3741203703703704 0.0060781250000000375 0.017620370370370345
2 0.632453125 0.7187777777777777 0.012874999999999895 0.03352777777777781