9 0.2792135416666667 0.24912962962962965 0.025880208333333363 0.014472222222222218
3 0.2544739583333333 0.4081296296296296 0.05973437499999997 0.22713888888888883
8 0.24405729166666665 0.3457777777777778 0.04182812500000003 0.16146296296296295
3 0.2760416666666667 0.4531296296296296 0.05078125 0.2175925925925926
3 0.389484375 0.3438981481481482 0.04069270833333339 0.18315740740740746
3 0.38801562500000003 0.5141574074074073 0.04093229166666663 0.21830555555555553
3 0.330921875 0.551037037037037 0.08878125000000002 0.17263888888888893
3 0.398671875 0.6332222222222222 0.0783385416666667 0.2100277777777777
3 0.3372708333333333 0.6529166666666667 0.08285416666666663 0.2258333333333334
8 0.3196979166666667 0.7663425925925925 0.05956249999999995 0.2268425925925926
3 0.5716770833333332 0.4818148148148148 0.07209375000000004 0.21820370370370373
3 0.5315364583333333 0.31295370370370373 0.05595312499999997 0.1588333333333333
8 0.8225729166666667 0.3660277777777778 0.035604166666666735 0.1690555555555556
3 0.8809583333333334 0.4745462962962963 0.05904687499999994 0.22410185185185183
2 0.39242708333333337 0.5933333333333333 0.015447916666666709 0.030564814814814805
2 0.33780208333333334 0.6051851851851852 0.015572916666666714 0.02768518518518527
2 0.34433854166666666 0.528 0.013453124999999962 0.02480555555555552
2 0.3975989583333333 0.46952777777777777 0.0078489583333333 0.027462962962962932
2 0.3927760416666667 0.3075555555555556 0.0027031250000000284 0.01190740740740742
2 0.533890625 0.29174999999999995 0.00589583333333336 0.014453703703703717
2 0.25452083333333336 0.3794814814814815 0.006406249999999976 0.015749999999999993
0 0.2828802083333333 0.20394444444444443 0.01747395833333331 0.03287962962962962
2 0.5650468750000001 0.43698148148148147 0.010677083333333334 0.026888888888888855