9 0.2528958333333334 0.23380555555555554 0.031145833333333338 0.02285185185185183
3 0.3305625 0.3732037037037037 0.04271874999999999 0.19486111111111104
3 0.3364947916666667 0.30362962962962964 0.03914062500000005 0.18886111111111115
3 0.25240104166666666 0.6697777777777778 0.05191145833333334 0.22677777777777786
3 0.18206770833333333 0.8002962962962964 0.04474479166666665 0.2505092592592592
3 0.43758854166666666 0.6631851851851852 0.050880208333333364 0.28390740740740733
3 0.48313541666666665 0.624287037037037 0.0759739583333334 0.2052407407407408
3 0.6050364583333334 0.42437962962962955 0.046875 0.20968518518518517
7 0.6735520833333334 0.5632499999999999 0.1163177083333333 0.30679629629629623
5 0.7329739583333333 0.6427407407407407 0.057848958333333415 0.2940185185185185
3 0.7635833333333333 0.3471759259259259 0.045041666666666674 0.21325925925925932
8 0.6300885416666666 0.27218518518518514 0.035453125000000085 0.18040740740740743
0 0.547921875 0.13533333333333333 0.015046874999999934 0.026425925925925946
8 0.4924739583333333 0.8500092592592593 0.06617187499999998 0.2999814814814815
2 0.44652083333333337 0.5937037037037037 0.008322916666666676 0.03296296296296288
2 0.33524479166666665 0.2708333333333333 0.006864583333333367 0.01612962962962959
2 0.6674270833333333 0.5121851851851852 0.01584895833333325 0.03784259259259249
2 0.601953125 0.38065740740740744 0.015645833333333314 0.024814814814814772
2 0.7650364583333332 0.31339814814814815 0.008124999999999953 0.019212962962962963
2 0.3229270833333333 0.33442592592592596 0.011901041666666619 0.028120370370370375