8 0.72109375 0.7953703703703704 0.04739583333333333 0.17037037037037037
3 0.3515625 0.6472222222222223 0.071875 0.23333333333333334
3 0.9723958333333333 0.6148148148148148 0.05416666666666667 0.22407407407407406
3 0.4947916666666667 0.7125 0.06666666666666667 0.22314814814814815
3 0.5911458333333334 0.5671296296296297 0.04583333333333333 0.21203703703703702
3 0.3072916666666667 0.5550925925925926 0.04583333333333333 0.2212962962962963
3 0.534375 0.3398148148148148 0.05625 0.19444444444444445
3 0.38611458333333337 0.5209907407407407 0.0503541666666667 0.23908333333333337
8 0.06927083333333334 0.649074074074074 0.04375 0.22777777777777777
3 0.4291979166666666 0.4659537037037037 0.05022395833333337 0.20228703703703707
2 0.49453125 0.6763888888888889 0.0171875 0.026851851851851852
0 0.35052083333333334 0.325 0.016666666666666666 0.027777777777777776
2 0.34921875 0.5976851851851852 0.019270833333333334 0.028703703703703703
3 0.40967708333333336 0.5187314814814815 0.05372916666666671 0.22819444444444448
2 0.37552083333333336 0.46620370370370373 0.009375 0.025
2 0.5325520833333334 0.31712962962962965 0.0067708333333333336 0.017592592592592594
9 0.328125 0.2912037037037037 0.03125 0.021296296296296296
3 0.38385416666666666 0.3148148148148148 0.041666666666666664 0.17592592592592593
2 0.31015625 0.513425925925926 0.0109375 0.025
2 0.3841145833333333 0.2898148148148148 0.0078125 0.016666666666666666
2 0.6028645833333334 0.5277777777777778 0.0078125 0.024074074074074074
8 0.7222291666666667 0.3525648148148148 0.030562499999999916 0.1834907407407407