0 0.3275416666666667 0.37387037037037035 0.016453124999999957 0.030175925925925957
9 0.28178125 0.23652777777777775 0.035994791666666644 0.026962962962962966
3 0.40170833333333333 0.4303240740740741 0.07842187499999996 0.2006481481481482
3 0.43086458333333333 0.39010185185185187 0.04415624999999999 0.17139814814814816
3 0.4599479166666667 0.5081296296296296 0.055906249999999956 0.2519907407407408
3 0.3067447916666667 0.5983888888888889 0.04310416666666666 0.2702870370370371
3 0.31571875 0.6680648148148148 0.0987239583333333 0.31484259259259256
3 0.3610208333333333 0.6665277777777778 0.14820312499999996 0.21509259259259256
3 0.40603645833333335 0.8704444444444445 0.09561979166666662 0.25878703703703704
8 0.6941875 0.8926203703703703 0.04734895833333326 0.21475925925925932
3 0.8401614583333333 0.6899444444444445 0.055906250000000074 0.20926851851851852
3 0.9649635416666666 0.7134814814814814 0.07007291666666665 0.3290648148148147
3 0.9195364583333333 0.43554629629629626 0.05571354166666656 0.25420370370370365
8 0.7401875 0.28726851851851853 0.04884895833333332 0.2143611111111111
2 0.385109375 0.6327592592592592 0.01270833333333338 0.03598148148148139
2 0.31913020833333333 0.5817129629629629 0.011296875000000029 0.030962962962963015
2 0.3090885416666667 0.5441944444444444 0.013807291666666662 0.029564814814814874
2 0.9766666666666667 0.6417314814814815 0.027151041666666723 0.046074074074074066
2 0.9215416666666666 0.3927777777777778 0.008874999999999982 0.021037037037037062
2 0.3993229166666667 0.3990185185185185 0.012057291666666714 0.02000000000000002
2 0.433265625 0.37678703703703703 0.009614583333333352 0.01808333333333331
2 0.4042291666666667 0.8154722222222223 0.010994791666666615 0.036037037037037103