9 0.2727395833333333 0.2346481481481481 0.03196354166666664 0.019555555555555534
8 0.24026041666666667 0.33134259259259263 0.04674479166666667 0.1591759259259259
3 0.19918229166666668 0.39519444444444446 0.05258854166666668 0.18178703703703708
3 0.29061458333333334 0.42513888888888884 0.06290104166666666 0.21234259259259258
3 0.36691666666666667 0.5632407407407407 0.06702604166666669 0.21112037037037037
3 0.397421875 0.5290185185185186 0.04726041666666667 0.19767592592592592
3 0.36373958333333334 0.5299351851851852 0.030416666666666713 0.23006481481481483
3 0.3921822916666667 0.3414259259259259 0.04674479166666667 0.20989814814814817
3 0.471921875 0.4381203703703704 0.04261979166666663 0.22975925925925925
3 0.6056302083333333 0.3224814814814815 0.045369791666666735 0.18912037037037038
3 0.2804010416666667 0.6280833333333333 0.07099479166666664 0.13806481481481472
8 0.3178020833333333 0.764462962962963 0.05908333333333336 0.23293518518518513
3 0.949234375 0.45423148148148146 0.0388333333333333 0.22065740740740747
8 0.848703125 0.35914814814814816 0.07122916666666654 0.15755555555555553
0 0.263765625 0.2813148148148148 0.015442708333333322 0.02923148148148153
2 0.39703125 0.49324074074074076 0.013484375000000052 0.030861111111111044
2 0.20764583333333334 0.37412962962962965 0.0068750000000000235 0.015407407407407394
2 0.3964166666666667 0.3042592592592593 0.0026614583333332813 0.01389814814814814
2 0.6042343750000001 0.2966944444444444 0.006088541666666695 0.015712962962962988
2 0.48040625 0.39209259259259255 0.007265625000000024 0.02560185185185183
2 0.3679270833333333 0.4835092592592593 0.007218749999999948 0.023324074074074126