9 0.13895833333333335 0.256037037037037 0.032677083333333336 0.022620370370370325
8 0.094421875 0.36400925925925925 0.03615104166666668 0.16451851851851856
8 0.21111458333333333 0.7470370370370369 0.05205729166666669 0.19434259259259248
8 0.7772239583333334 0.3418981481481482 0.03904166666666668 0.1655555555555555
3 0.6997187500000001 0.38920370370370366 0.04598437499999998 0.17377777777777773
3 0.6216354166666667 0.5221018518518519 0.06275520833333322 0.21336111111111117
3 0.451296875 0.43392592592592594 0.05813020833333328 0.1830277777777778
3 0.4301875 0.5897129629629629 0.05639583333333332 0.2025648148148148
4 0.5214270833333333 0.6318703703703703 0.06767187500000003 0.21285185185185174
3 0.343859375 0.6516666666666666 0.09659375000000002 0.23804629629629623
3 0.440015625 0.6933055555555555 0.06333333333333328 0.20513888888888884
3 0.3163854166666667 0.35603703703703704 0.053213541666666704 0.1753240740740741
3 0.3516666666666667 0.29768518518518516 0.04627083333333329 0.1676111111111111
3 0.7883593750000001 0.5089907407407408 0.03701562500000009 0.21593518518518523
2 0.506765625 0.5885277777777778 0.012578125000000048 0.02642592592592589
0 0.5429166666666667 0.59575 0.015994791666666685 0.028962962962962937
2 0.35092708333333333 0.27398148148148144 0.003609375000000033 0.013194444444444444
2 0.42398437499999997 0.646287037037037 0.014515624999999944 0.027842592592592533
2 0.4495260416666667 0.400537037037037 0.005177083333333362 0.015777777777777745