3 0.19517187500000002 0.6626481481481481 0.05188020833333334 0.184462962962963
3 0.14830729166666667 0.6496018518518519 0.06593229166666668 0.22975925925925936
3 0.31745833333333334 0.5012407407407408 0.05867187500000005 0.22618518518518516
3 0.29267708333333337 0.3615185185185185 0.07673958333333332 0.18500925925925932
3 0.3796875 0.43329629629629623 0.0534270833333333 0.20230555555555552
3 0.4166666666666667 0.4348055555555555 0.0674739583333333 0.22289814814814812
3 0.49108854166666666 0.4437314814814815 0.04832812499999998 0.21658333333333335
3 0.5608802083333334 0.501787037037037 0.06377083333333336 0.2349722222222222
8 0.46437500000000004 0.7360740740740741 0.05821354166666666 0.1819907407407407
3 0.740609375 0.6885833333333333 0.06315104166666667 0.24732407407407397
2 0.7447812500000001 0.6460370370370371 0.013432291666666648 0.030472222222222296
2 0.19285416666666666 0.656462962962963 0.009572916666666664 0.03156481481481474
2 0.14660937500000001 0.605824074074074 0.01157812500000001 0.028000000000000008
2 0.3039479166666667 0.4608888888888889 0.011270833333333386 0.026898148148148105
9 0.352203125 0.21274074074074073 0.03180729166666663 0.019212962962962963
8 0.26372395833333334 0.30236111111111114 0.048177083333333336 0.1721111111111111
0 0.3040260416666667 0.10019444444444443 0.019453124999999953 0.03458333333333333
3 0.38808333333333334 0.3794259259259259 0.045010416666666705 0.21788888888888883
2 0.4867447916666666 0.4102962962962963 0.005255208333333291 0.01956481481481481