6 0.2674114583333333 0.42250925925925925 0.05390104166666667 0.2996018518518519
0 0.24878125 0.2617129629629629 0.015781249999999976 0.02912037037037041
8 0.21521354166666665 0.35624074074074075 0.05245833333333335 0.20969444444444446
8 0.25887499999999997 0.8277592592592593 0.05897395833333331 0.26993518518518506
3 0.4286302083333334 0.7814166666666666 0.09546874999999998 0.3255462962962962
3 0.13163541666666667 0.7127777777777777 0.069078125 0.29252777777777783
3 0.12479166666666666 0.6803333333333333 0.10752604166666666 0.2322777777777779
3 0.31996875 0.44458333333333333 0.05734895833333328 0.22069444444444442
3 0.3802447916666667 0.37130555555555556 0.047572916666666624 0.2166388888888889
3 0.44036458333333334 0.29744444444444446 0.05506770833333334 0.20100000000000004
3 0.7057552083333333 0.40924074074074074 0.05343749999999995 0.2346018518518518
3 0.8308697916666666 0.3770925925925926 0.04952604166666674 0.24212962962962964
3 0.39897916666666666 0.644425925925926 0.05180729166666668 0.306425925925926
2 0.435328125 0.7153333333333333 0.014552083333333361 0.034194444444444506
2 0.14636458333333333 0.6444166666666666 0.013718750000000017 0.03627777777777784
2 0.39309375 0.574824074074074 0.01605729166666663 0.035092592592592675
9 0.26638541666666665 0.22912962962962966 0.034958333333333334 0.024083333333333352
2 0.441265625 0.2645740740740741 0.012989583333333362 0.015074074074074049
2 0.7031927083333334 0.3661203703703704 0.003984375000000048 0.017583333333333343
2 0.8310156249999999 0.34587962962962965 0.007557291666666781 0.017555555555555588