3 0.3680104166666667 0.7167222222222221 0.07628125000000002 0.2439814814814815
8 0.10479687499999998 0.2846018518518519 0.060015624999999996 0.1915833333333333
3 0.26075 0.4791018518518518 0.05010937500000002 0.22832407407407404
3 0.7213177083333334 0.7538518518518518 0.052000000000000074 0.2583240740740741
3 0.6678229166666667 0.5897222222222221 0.036135416666666725 0.23087037037037028
3 0.35329166666666667 0.34281481481481485 0.04279166666666671 0.2066296296296296
3 0.04371875 0.5594074074074074 0.04363541666666667 0.22999074074074077
3 0.1724375 0.28850925925925924 0.04641145833333334 0.2011203703703704
3 0.49559375 0.48687962962962966 0.04928645833333339 0.2565092592592592
8 0.5127760416666667 0.8167407407407408 0.05884895833333328 0.2602499999999999
4 0.5501927083333332 0.2518240740740741 0.041979166666666616 0.24775925925925918
3 0.5197708333333334 0.33087962962962963 0.047281250000000045 0.2018425925925926
8 0.6583333333333333 0.2804814814814815 0.035822916666666774 0.14938888888888893
2 0.35286979166666665 0.30275 0.009505208333333333 0.02276851851851855
9 0.6331510416666667 0.20813888888888887 0.031692708333333285 0.022222222222222223
2 0.25851041666666663 0.43395370370370373 0.008317708333333347 0.02359259259259261
2 0.7234166666666667 0.7021944444444445 0.010395833333333352 0.029361111111111143
2 0.5121666666666667 0.27925925925925926 0.010062499999999967 0.01979629629629629
2 0.052828125000000004 0.518712962962963 0.0077864583333333275 0.023203703703703654
0 0.552203125 0.14550925925925925 0.014697916666666562 0.028111111111111125
2 0.17438020833333334 0.25247222222222226 0.00905208333333333 0.019814814814814792