9 0.35206770833333334 0.2941944444444445 0.03867708333333333 0.024222222222222194
0 0.34470833333333334 0.3645185185185185 0.015161458333333282 0.03360185185185182
3 0.32459895833333335 0.8034722222222223 0.11032291666666663 0.27700925925925934
3 0.242296875 0.8052314814814815 0.07933854166666669 0.2836481481481481
8 0.025260416666666667 0.7611111111111111 0.050520833333333334 0.2740740740740741
8 0.566125 0.919611111111111 0.05802083333333338 0.16077777777777788
3 0.7952343749999999 0.9578981481481481 0.06790625000000006 0.08420370370370375
3 0.5724947916666667 0.5954259259259259 0.0540625000000001 0.26724074074074067
3 0.593703125 0.4580925925925926 0.08329166666666671 0.19887037037037034
3 0.5605208333333334 0.3727314814814815 0.04901041666666662 0.22191666666666662
3 0.44755729166666663 0.46512962962962967 0.06966666666666667 0.2176203703703704
3 0.42349479166666665 0.4959907407407407 0.08219270833333331 0.20902777777777778
8 0.83940625 0.37604629629629627 0.058677083333333255 0.21449074074074076
2 0.32684895833333333 0.750462962962963 0.014645833333333276 0.038009259259259215
2 0.7997135416666666 0.985101851851852 0.017911458333333265 0.028722222222222205
2 0.23589583333333333 0.7269722222222222 0.009921874999999976 0.03267592592592589
2 0.5625833333333333 0.3374814814814815 0.008927083333333268 0.018703703703703747
2 0.5773489583333333 0.5426944444444445 0.012984374999999914 0.03694444444444453
2 0.41219791666666666 0.4598055555555555 0.008765624999999963 0.014907407407407428