4 0.26566666666666666 0.493462962962963 0.12430729166666664 0.2511018518518519
3 0.2895260416666667 0.4263240740740741 0.06545312500000001 0.2287592592592593
8 0.23061458333333332 0.35898148148148146 0.04790625000000001 0.21093518518518525
3 0.3194635416666667 0.6385000000000001 0.08745833333333337 0.26490740740740754
2 0.31709895833333335 0.5780925925925926 0.01921875000000005 0.0371388888888888
3 0.38907291666666666 0.6304444444444445 0.051317708333333316 0.2662777777777777
3 0.437609375 0.6236388888888889 0.06384374999999996 0.27988888888888885
8 0.303140625 0.838212962962963 0.06933854166666673 0.25088888888888894
3 0.6460677083333334 0.796925925925926 0.10267708333333327 0.34058333333333335
3 0.5349479166666666 0.33702777777777776 0.05733854166666668 0.21730555555555559
3 0.812640625 0.39865740740740735 0.051781250000000036 0.22521296296296292
3 0.9163177083333333 0.4120925925925926 0.0528958333333333 0.24574999999999997
3 0.4197135416666667 0.38739814814814816 0.04378124999999997 0.22481481481481477
9 0.28825520833333335 0.23014814814814816 0.03778124999999998 0.024101851851851826
0 0.2865520833333333 0.4543611111111111 0.018307291666666715 0.034888888888888844
2 0.42685416666666665 0.5611666666666666 0.02016666666666668 0.034851851851851946
2 0.39996354166666664 0.5766018518518519 0.011765624999999957 0.03187037037037044
2 0.65634375 0.7179351851851852 0.016468749999999942 0.03465740740740746
2 0.5393854166666666 0.30225 0.013218750000000057 0.018194444444444423
2 0.8021197916666666 0.36047222222222225 0.005239583333333305 0.01609259259259259
2 0.9043645833333334 0.37245370370370373 0.005427083333333371 0.017175925925925883
2 0.30239583333333336 0.3849351851851852 0.006494791666666681 0.019305555555555576