3 0.8940104166666667 0.6416666666666667 0.05572916666666667 0.2351851851851852
3 0.42239583333333336 0.7666666666666667 0.07291666666666667 0.22592592592592592
3 0.6684895833333333 0.6199074074074075 0.050520833333333334 0.2324074074074074
3 0.43359895833333334 0.5063981481481481 0.058182291666666684 0.1882685185185185
3 0.37631770833333333 0.45387037037037037 0.0410520833333333 0.21308333333333332
8 0.796875 0.8837962962962963 0.0625 0.21574074074074073
8 0.7315104166666667 0.3578703703703704 0.04114583333333333 0.175
3 0.39920833333333333 0.5506851851851852 0.0451875 0.21715740740740738
3 0.3302083333333333 0.7050925925925926 0.04479166666666667 0.25462962962962965
3 0.5065104166666666 0.3662037037037037 0.03697916666666667 0.17685185185185184
0 0.4908854166666667 0.04814814814814815 0.015104166666666667 0.025925925925925925
2 0.41171875 0.7324074074074074 0.013020833333333334 0.03148148148148148
8 0.06015625 0.674074074074074 0.05572916666666667 0.22962962962962963
2 0.39375 0.5046296296296297 0.010416666666666666 0.024074074074074074
2 0.89375 0.5986111111111111 0.0125 0.026851851851851852
9 0.32864583333333336 0.29074074074074074 0.03125 0.020370370370370372
2 0.51015625 0.3282407407407407 0.0078125 0.021296296296296296
2 0.6770833333333334 0.5712962962962963 0.008333333333333333 0.025925925925925925
5 0.5401979166666667 0.3212962962962963 0.03528645833333333 0.21816666666666668
3 0.402390625 0.522 0.06204687499999994 0.23638888888888884
2 0.5429583333333333 0.28980555555555554 0.0053958333333334 0.01793518518518519