3 0.4817708333333333 0.33564814814814814 0.05520833333333333 0.225
8 0.028125 0.29953703703703705 0.05625 0.20462962962962963
3 0.19348958333333333 0.3212962962962963 0.04739583333333333 0.19814814814814816
3 0.39036458333333335 0.24861111111111112 0.03802083333333333 0.20833333333333334
3 0.3296875 0.39305555555555555 0.04479166666666667 0.21574074074074073
8 0.5692708333333333 0.85 0.057291666666666664 0.26481481481481484
4 0.4479166666666667 0.7578703703703704 0.057291666666666664 0.3212962962962963
3 0.20546875 0.425462962962963 0.0546875 0.20277777777777778
3 0.6510416666666666 0.4 0.052083333333333336 0.20925925925925926
8 0.7283854166666667 0.35 0.04010416666666667 0.2111111111111111
3 0.2869791666666667 0.4912037037037037 0.04791666666666667 0.225
3 0.6692708333333334 0.4759259259259259 0.04375 0.2740740740740741
0 0.44921875 0.6152777777777778 0.0203125 0.03796296296296296
9 0.6447916666666667 0.19583333333333333 0.035416666666666666 0.023148148148148147
2 0.45 0.7273148148148149 0.013541666666666667 0.03611111111111111
2 0.39557291666666666 0.20694444444444443 0.011979166666666667 0.019444444444444445
2 0.47213541666666664 0.2972222222222222 0.0078125 0.020370370370370372
2 0.29713541666666665 0.43425925925925923 0.009895833333333333 0.025925925925925925
7 0.5127604166666667 0.6407407407407407 0.07760416666666667 0.26296296296296295
2 0.19309375 0.2901759259259259 0.00998437499999998 0.022222222222222223
2 0.20921874999999998 0.3898888888888889 0.005947916666666646 0.020916666666666694