3 0.5981041666666667 0.5660925925925926 0.060692708333333435 0.28942592592592586
3 0.6869635416666667 0.8327685185185186 0.06297916666666671 0.2907222222222223
3 0.20652604166666666 0.5893611111111111 0.062078125000000026 0.24930555555555556
3 0.47791145833333337 0.8153981481481481 0.06731250000000001 0.2933703703703703
3 0.39885937499999996 0.4449259259259259 0.04666666666666662 0.24087962962962967
3 0.4877447916666667 0.349787037037037 0.07232812499999994 0.21148148148148146
8 0.43588020833333335 0.9125185185185185 0.04933854166666667 0.174962962962963
3 0.06958333333333333 0.3908148148148148 0.05383333333333334 0.2374629629629629
8 0.6625364583333333 0.3203518518518519 0.046140625000000074 0.1965833333333333
3 0.665890625 0.6757777777777778 0.05268749999999992 0.2541851851851852
2 0.5972552083333333 0.5004259259259259 0.011625000000000085 0.029898148148148115
2 0.6665885416666666 0.6348888888888888 0.014302083333333352 0.03185185185185194
2 0.4731458333333334 0.7613981481481481 0.013651041666666686 0.03448148148148149
2 0.691296875 0.7733981481481481 0.011510416666666618 0.03349074074074081
2 0.40053125 0.40841666666666665 0.00713541666666669 0.022277777777777726
2 0.06907291666666666 0.3476296296296296 0.015479166666666674 0.02116666666666668
2 0.477296875 0.3198611111111111 0.008354166666666647 0.019314814814814826
8 0.04797395833333333 0.3377777777777778 0.04710937500000001 0.22219444444444447
9 0.625265625 0.259462962962963 0.03582812499999998 0.026500000000000003
2 0.20992708333333335 0.5411944444444444 0.00944270833333333 0.02285185185185191
0 0.6165520833333333 0.2728796296296296 0.018630208333333325 0.03216666666666668
1 0.6257395833333333 0.2772962962962963 0.036145833333333384 0.06527777777777778