9 0.27127083333333335 0.23117592592592592 0.03415104166666663 0.02492592592592594
3 0.20953125 0.39541666666666675 0.06897916666666663 0.1893703703703704
8 0.23949479166666665 0.3296851851851852 0.043875000000000004 0.1495648148148148
3 0.28845833333333337 0.42014814814814816 0.05631250000000003 0.21469444444444438
3 0.39486458333333335 0.3349074074074074 0.04794270833333331 0.20183333333333334
3 0.4996875 0.44487037037037036 0.064453125 0.21912037037037035
3 0.3973541666666666 0.5514166666666667 0.07372395833333331 0.20705555555555552
3 0.3691979166666667 0.5244722222222222 0.04364583333333331 0.22876851851851845
3 0.34816145833333334 0.5703055555555555 0.05223958333333331 0.20625
3 0.2988645833333334 0.6056944444444444 0.07123958333333331 0.1515740740740741
8 0.3172916666666667 0.7616851851851852 0.06920312499999995 0.23761111111111122
3 0.5838177083333334 0.3152037037037037 0.04907291666666656 0.19298148148148145
8 0.8365416666666667 0.34556481481481477 0.051109375000000054 0.1684629629629629
3 0.9265520833333334 0.4490925925925926 0.06196875000000001 0.21790740740740738
2 0.3548541666666667 0.5219814814814815 0.014864583333333315 0.02382407407407409
2 0.3954010416666666 0.5108888888888888 0.012609375000000018 0.027129629629629587
0 0.261671875 0.2552037037037037 0.015588541666666641 0.024740740740740765
1 0.270984375 0.24468518518518517 0.033374999999999995 0.051314814814814806
2 0.5860520833333334 0.284787037037037 0.00599479166666678 0.014472222222222218
2 0.39423437499999997 0.2965555555555555 0.0029270833333332764 0.014416666666666713
2 0.282375 0.3825925925925926 0.008197916666666671 0.015277777777777777
2 0.21591666666666667 0.3700185185185185 0.006489583333333352 0.015861111111111107
2 0.49744791666666666 0.4061574074074074 0.008156250000000042 0.026648148148148122
2 0.37314062499999995 0.477 0.006947916666666624 0.021398148148148107