3 0.78046875 0.5611111111111111 0.0765625 0.24259259259259258
3 0.08072916666666667 0.5712962962962963 0.071875 0.2611111111111111
3 0.6991979166666666 0.5935185185185186 0.07035416666666663 0.2796296296296296
3 0.39348958333333334 0.5675925925925925 0.06197916666666667 0.24259259259259258
8 0.384375 0.3199074074074074 0.0375 0.20833333333333334
3 0.28606770833333334 0.37030555555555555 0.05703125 0.21124074074074073
3 0.6838541666666667 0.5673055555555556 0.09479166666666666 0.2772129629629629
3 0.5825520833333333 0.350462962962963 0.050520833333333334 0.22685185185185186
3 0.5546875 0.324537037037037 0.04895833333333333 0.21574074074074073
3 0.017447916666666667 0.8199074074074074 0.034895833333333334 0.30833333333333335
2 0.703125 0.5342592592592592 0.021875 0.03333333333333333
0 0.71328125 0.1712962962962963 0.019270833333333334 0.037037037037037035
9 0.75 0.262037037037037 0.03854166666666667 0.020370370370370372
2 0.5583333333333333 0.29074074074074074 0.008333333333333333 0.020370370370370372
2 0.7895833333333333 0.5162037037037037 0.0125 0.030555555555555555
3 0.27502604166666667 0.35012037037037036 0.054578124999999984 0.2183888888888889
8 0.29765625 0.8819444444444444 0.08072916666666667 0.2361111111111111
2 0.57865625 0.305787037037037 0.007838541666666761 0.0191111111111111
2 0.3919635416666667 0.5196203703703705 0.009901041666666662 0.02821296296296299