0 0.5659583333333333 0.14235185185185187 0.015598958333333239 0.029212962962962972
9 0.306234375 0.31639814814814815 0.03203125 0.026740740740740735
8 0.2747604166666667 0.40478703703703706 0.04150000000000003 0.15795370370370374
8 0.8826406250000001 0.4166666666666667 0.04289062499999995 0.1817222222222222
8 0.405390625 0.8916666666666667 0.056541666666666636 0.21666666666666667
3 0.39090624999999996 0.7058425925925925 0.04762500000000003 0.2213333333333333
3 0.47390625 0.6927129629629629 0.06099479166666662 0.15548148148148155
3 0.5094166666666667 0.6731574074074074 0.05904687500000006 0.24312037037037032
3 0.5371302083333334 0.8687407407407407 0.05877083333333335 0.25005555555555553
3 0.5754270833333333 0.7798611111111111 0.06127604166666671 0.2822407407407407
3 0.5381041666666667 0.6045833333333334 0.06461979166666669 0.218861111111111
3 0.456640625 0.4250833333333333 0.04205729166666667 0.182712962962963
3 0.507328125 0.3490833333333333 0.04484374999999995 0.1970740740740741
3 0.718171875 0.5456574074074073 0.062109375 0.20796296296296293
3 0.767328125 0.5312962962962963 0.050692708333333295 0.2604537037037037
2 0.5752604166666667 0.7207314814814815 0.02244791666666662 0.031314814814814754
2 0.5365989583333334 0.5486203703703704 0.011848958333333333 0.029657407407407382
2 0.5061197916666667 0.6265000000000001 0.014499999999999957 0.030212962962963063
2 0.7641249999999999 0.5167592592592593 0.00650520833333322 0.0179722222222223
2 0.5120989583333333 0.3172777777777778 0.005739583333333324 0.014527777777777829