0 0.3198489583333333 0.35217592592592595 0.014380208333333281 0.02538888888888885
9 0.2830364583333333 0.23799074074074072 0.03665624999999997 0.02526851851851851
3 0.30648437500000003 0.5967870370370371 0.046484375 0.2582129629629629
3 0.32840104166666667 0.6627592592592593 0.0918697916666666 0.31335185185185194
3 0.3558541666666667 0.651537037037037 0.1310885416666667 0.18002777777777784
3 0.3989479166666667 0.42476851851851855 0.0878020833333333 0.19477777777777786
3 0.46875 0.5027592592592592 0.05355729166666663 0.24974074074074076
3 0.4310833333333333 0.39864814814814814 0.048291666666666684 0.18504629629629632
8 0.7389166666666667 0.2871388888888889 0.04519791666666677 0.20823148148148146
3 0.9167135416666666 0.4336203703703704 0.05576562500000008 0.2488796296296297
3 0.9608385416666666 0.7139351851851852 0.0772708333333334 0.3307685185185185
3 0.8386458333333333 0.6806944444444444 0.05909375000000002 0.23006481481481483
8 0.6903645833333333 0.8912037037037037 0.04739583333333333 0.2175925925925926
3 0.39745833333333336 0.8698148148148147 0.10079166666666665 0.26036111111111104
2 0.969234375 0.6439722222222223 0.026833333333333324 0.047703703703703686
2 0.38995833333333335 0.6317777777777778 0.011927083333333382 0.029685185185185134
2 0.32466666666666666 0.5771851851851852 0.016098958333333375 0.03391666666666677
2 0.30886458333333333 0.5477685185185186 0.013119791666666695 0.033388888888888836
2 0.918359375 0.39025925925925925 0.009020833333333419 0.02012962962962964
2 0.3949270833333333 0.39846296296296296 0.010010416666666681 0.022833333333333303
2 0.43175520833333336 0.37707407407407406 0.010057291666666638 0.020694444444444467
2 0.39683854166666666 0.8159907407407407 0.011885416666666633 0.03501851851851846