0 0.252859375 0.2396203703703704 0.026302083333333334 0.037074074074074065
9 0.25708333333333333 0.20538888888888887 0.037010416666666636 0.026046296296296293
8 0.187484375 0.3368148148148148 0.04658854166666669 0.2180833333333333
8 0.24058854166666668 0.8359259259259259 0.07177604166666669 0.30916666666666676
3 0.24025520833333333 0.47280555555555553 0.06269270833333333 0.2792314814814814
3 0.287109375 0.4221944444444445 0.06291666666666665 0.331611111111111
3 0.32876041666666667 0.5167222222222222 0.06380208333333333 0.2520555555555556
3 0.3424947916666667 0.4663055555555556 0.058484374999999984 0.22054629629629635
3 0.365421875 0.39443518518518517 0.06491145833333327 0.23906481481481487
3 0.405078125 0.5793425925925927 0.1371302083333333 0.3142870370370371
3 0.5861822916666667 0.36095370370370367 0.058484374999999984 0.25087962962962956
3 0.7959739583333333 0.4064444444444444 0.05538541666666674 0.25205555555555553
3 0.86121875 0.6852777777777778 0.11497916666666678 0.21739814814814812
3 0.9679947916666667 0.4023055555555556 0.05560416666666678 0.2500925925925926
2 0.40361979166666667 0.5392777777777777 0.014708333333333339 0.03244444444444441
2 0.33709895833333337 0.4698425925925926 0.016140625000000006 0.033259259259259225
1 0.258859375 0.22958333333333333 0.039114583333333314 0.06956481481481482
2 0.3685 0.3584351851851852 0.005843750000000014 0.01735185185185186
2 0.5869427083333334 0.3185555555555556 0.014838541666666554 0.017898148148148187
2 0.793359375 0.3582037037037037 0.004953125000000114 0.017703703703703708
2 0.30338020833333335 0.40020370370370373 0.007093749999999943 0.027462962962962932