3 0.47436979166666665 0.8130185185185185 0.0734375 0.29720370370370375
3 0.18433854166666666 0.6005277777777778 0.0691666666666667 0.23472222222222222
3 0.6874114583333333 0.8329166666666666 0.0636875000000001 0.292425925925926
3 0.6051614583333333 0.5707222222222222 0.05597916666666668 0.2929722222222223
8 0.42526041666666664 0.9166666666666666 0.0546875 0.16666666666666666
3 0.39988541666666666 0.43903703703703706 0.05201562499999994 0.23880555555555552
3 0.47265104166666666 0.3390370370370371 0.05795312499999999 0.2220925925925926
3 0.055963541666666665 0.39496296296296296 0.05216666666666667 0.24643518518518517
3 0.6673958333333334 0.6776481481481481 0.048625000000000064 0.26032407407407393
8 0.6673541666666666 0.32775925925925925 0.048963541666666784 0.18032407407407408
2 0.601578125 0.5072407407407408 0.011015625000000048 0.02998148148148158
2 0.6678489583333334 0.6347222222222222 0.012703124999999933 0.03177777777777772
9 0.6318072916666666 0.25057407407407406 0.038734374999999946 0.02546296296296296
2 0.47114062500000004 0.7549814814814815 0.01072395833333329 0.03458333333333325
2 0.6891354166666667 0.7751666666666667 0.010145833333333344 0.03465740740740746
2 0.05470833333333334 0.3471111111111111 0.017114583333333325 0.02362037037037036
8 0.030744791666666667 0.3382222222222222 0.04281770833333332 0.2190740740740741
0 0.6163958333333334 0.2884907407407407 0.019453124999999953 0.029518518518518513
2 0.4653072916666667 0.3063425925925926 0.008156250000000042 0.020416666666666625
2 0.4041302083333333 0.4083055555555556 0.007322916666666638 0.023944444444444456
2 0.185390625 0.5616203703703704 0.010322916666666692 0.02444444444444453