3 0.91484375 0.6199074074074075 0.0515625 0.225
3 0.3455729166666667 0.6777777777777778 0.0640625 0.2518518518518518
2 0.4471354166666667 0.7125 0.0171875 0.028703703703703703
3 0.63828125 0.5967592592592592 0.0453125 0.22685185185185186
3 0.45859375 0.7560185185185185 0.0515625 0.24537037037037038
3 0.3975989583333333 0.525712962962963 0.06885416666666669 0.22103703703703706
8 0.07057291666666667 0.6606481481481481 0.0484375 0.225
0 0.4010416666666667 0.08055555555555556 0.016666666666666666 0.03333333333333333
3 0.53659375 0.33982407407407406 0.04035937499999995 0.1999814814814815
3 0.35442708333333334 0.5537037037037037 0.049479166666666664 0.21481481481481482
2 0.4005208333333333 0.4134259259259259 0.010416666666666666 0.017592592592592594
8 0.7630208333333334 0.8532407407407407 0.041666666666666664 0.1787037037037037
8 0.7328125 0.3578703703703704 0.04479166666666667 0.17314814814814813
2 0.9200520833333333 0.5861111111111111 0.011979166666666667 0.025925925925925925
2 0.353125 0.512962962962963 0.010416666666666666 0.025925925925925925
9 0.328125 0.2912037037037037 0.03125 0.019444444444444445
2 0.3328125 0.6148148148148148 0.017708333333333333 0.03333333333333333
2 0.6481770833333333 0.5504629629629629 0.0078125 0.025
3 0.41804166666666664 0.33462037037037035 0.03046875 0.14110185185185184
2 0.5346354166666667 0.3138888888888889 0.0067708333333333336 0.016666666666666666
2 0.3731770833333333 0.4759259259259259 0.005729166666666666 0.022222222222222223
2 0.40963541666666664 0.49166666666666664 0.0171875 0.020370370370370372
3 0.41488020833333333 0.5281018518518519 0.07666666666666669 0.2021574074074074
3 0.40081770833333336 0.3987037037037037 0.0481354166666667 0.10028703703703698