3 0.6609375 0.46805555555555556 0.09270833333333334 0.2212962962962963
3 0.55390625 0.45694444444444443 0.07239583333333334 0.21203703703703702
3 0.30572916666666666 0.36574074074074076 0.08333333333333333 0.1925925925925926
3 0.5721354166666667 0.6064814814814815 0.0828125 0.20185185185185187
3 0.525 0.7569444444444444 0.084375 0.23425925925925925
3 0.43046875 0.33240740740740743 0.05260416666666667 0.1685185185185185
3 0.571875 0.3541666666666667 0.04375 0.19537037037037036
2 0.5611979166666666 0.41712962962962963 0.015104166666666667 0.026851851851851852
8 0.259375 0.32222222222222224 0.040625 0.19444444444444445
2 0.5619791666666667 0.5699074074074074 0.0125 0.028703703703703703
3 0.6484375 0.3611111111111111 0.0375 0.19074074074074074
9 0.6911458333333333 0.24212962962962964 0.034375 0.019444444444444445
8 0.9864583333333333 0.6259259259259259 0.026041666666666668 0.25
8 0.11536458333333334 0.850462962962963 0.09114583333333333 0.23425925925925925
2 0.66328125 0.4152777777777778 0.0109375 0.023148148148148147
3 0.20416666666666666 0.37916666666666665 0.059375 0.19166666666666668
2 0.1953125 0.3458333333333333 0.011458333333333333 0.01574074074074074
2 0.5236979166666667 0.6944444444444444 0.013020833333333334 0.024074074074074074
3 0.7699427083333333 0.4470277777777778 0.07552083333333333 0.07255555555555557
2 0.5635572916666667 0.3167962962962963 0.005656250000000067 0.01624999999999996