3 0.9338541666666667 0.6175925925925926 0.06145833333333333 0.22777777777777777
3 0.33645833333333336 0.6690092592592592 0.07291666666666667 0.24901851851851856
3 0.6221354166666667 0.5842592592592593 0.0484375 0.21666666666666667
0 0.3484375 0.225 0.014583333333333334 0.027777777777777776
3 0.3243489583333333 0.5554629629629629 0.051828124999999996 0.20945370370370373
3 0.4709375 0.7507407407407407 0.05083854166666661 0.25889814814814827
3 0.40975 0.5202777777777777 0.06447916666666664 0.22025000000000006
8 0.7393229166666667 0.812962962962963 0.04010416666666667 0.13333333333333333
3 0.534375 0.3421296296296296 0.04791666666666667 0.1935185185185185
8 0.06848958333333334 0.6523148148148148 0.044270833333333336 0.225
8 0.73203125 0.35694444444444445 0.043229166666666666 0.175
2 0.4669270833333333 0.6986111111111111 0.016145833333333335 0.028703703703703703
2 0.33177083333333335 0.612037037037037 0.01875 0.02962962962962963
3 0.4017916666666667 0.4524537037037037 0.05579166666666661 0.20620370370370375
2 0.9411458333333333 0.5800925925925926 0.011458333333333333 0.026851851851851852
3 0.38163541666666667 0.5229166666666667 0.07159895833333335 0.22916666666666666
2 0.5330729166666667 0.3106481481481482 0.0067708333333333336 0.017592592592592594
3 0.3866979166666667 0.32578703703703704 0.048484374999999955 0.15528703703703708
9 0.328125 0.2912037037037037 0.03125 0.021296296296296296
2 0.6270833333333333 0.5430555555555555 0.007291666666666667 0.025
2 0.33828125 0.5162037037037037 0.0109375 0.026851851851851852
2 0.36796875 0.46944444444444444 0.005729166666666666 0.024074074074074074
2 0.39036458333333335 0.30277777777777776 0.0046875 0.014814814814814815