0 0.34604166666666664 0.18462962962962964 0.014848958333333329 0.02309259259259259
9 0.35196875 0.21534259259259259 0.03411979166666666 0.02258333333333332
8 0.26652604166666666 0.2999814814814815 0.045968749999999996 0.1705462962962963
8 0.4710989583333333 0.7250833333333334 0.05767187500000001 0.20557407407407405
3 0.11722395833333334 0.6659444444444444 0.07655208333333334 0.22840740740740748
3 0.20400000000000001 0.6858703703703704 0.06823958333333333 0.1779074074074073
3 0.30643750000000003 0.5102500000000001 0.04584895833333332 0.2256203703703704
3 0.3964635416666667 0.383 0.0564791666666667 0.2106944444444444
3 0.46848958333333335 0.48258333333333336 0.0543333333333333 0.2443981481481482
3 0.4380520833333333 0.47649074074074077 0.044682291666666644 0.2169907407407407
3 0.43605208333333334 0.449712962962963 0.04268229166666669 0.23247222222222227
3 0.41528125 0.4297962962962963 0.04142187499999998 0.20937962962962964
3 0.3446875 0.3655833333333333 0.0646666666666667 0.1880555555555556
3 0.7610625 0.6920740740740742 0.07997916666666664 0.25396296296296295
2 0.12319270833333333 0.627787037037037 0.012692708333333335 0.028722222222222205
2 0.19574999999999998 0.6801018518518518 0.01182812500000002 0.029750000000000103
2 0.7638177083333333 0.6495833333333333 0.0141354166666666 0.02923148148148142
2 0.2997552083333333 0.4660925925925926 0.012119791666666657 0.025388888888888905
2 0.3553645833333333 0.3334814814814815 0.006192708333333385 0.015342592592592639
2 0.4002864583333333 0.35055555555555556 0.0070677083333333 0.01881481481481486