3 0.6977135416666667 0.352925925925926 0.05665104166666666 0.17563888888888884
3 0.11796875 0.6921296296296297 0.06614583333333333 0.25833333333333336
3 0.44479166666666664 0.4736111111111111 0.052083333333333336 0.21388888888888888
8 0.7205729166666667 0.7476851851851852 0.044270833333333336 0.17685185185185184
3 0.6497395833333334 0.6268518518518519 0.0640625 0.21481481481481482
5 0.32760416666666664 0.33524074074074073 0.03854166666666667 0.26655555555555555
3 0.31614583333333335 0.5875 0.07083333333333333 0.2361111111111111
8 0.026041666666666668 0.36018518518518516 0.042708333333333334 0.16666666666666666
3 0.7143229166666667 0.2861111111111111 0.044270833333333336 0.17222222222222222
3 0.2015625 0.4740740740740741 0.046875 0.22962962962962963
8 0.8971354166666666 0.35833333333333334 0.0390625 0.16296296296296298
3 0.5809895833333333 0.7388888888888889 0.058854166666666666 0.20555555555555555
2 0.3216145833333333 0.5393518518518519 0.016145833333333335 0.025
2 0.7119791666666667 0.26064814814814813 0.007291666666666667 0.01574074074074074
2 0.44869791666666664 0.42407407407407405 0.0171875 0.024074074074074074
0 0.33697916666666666 0.18888888888888888 0.014583333333333334 0.027777777777777776
9 0.8494791666666667 0.24814814814814815 0.030208333333333334 0.020370370370370372
7 0.4383489583333333 0.4060185185185185 0.07643229166666667 0.20277777777777778
2 0.5705729166666667 0.7189814814814814 0.0078125 0.028703703703703703
2 0.6546875 0.587037037037037 0.007291666666666667 0.025925925925925925
2 0.18713020833333335 0.4244907407407407 0.004802083333333347 0.022861111111111162