3 0.6911145833333333 0.8301018518518518 0.05968229166666674 0.2663055555555557
3 0.294796875 0.569574074074074 0.06133333333333333 0.21772222222222226
8 0.4953958333333333 0.8811018518518519 0.05155729166666667 0.23779629629629623
3 0.574328125 0.5856759259259259 0.08747916666666669 0.26145370370370363
3 0.4497083333333334 0.798675925925926 0.06135416666666664 0.2619537037037038
3 0.66209375 0.6650277777777778 0.039729166666666774 0.22564814814814818
3 0.15396354166666668 0.3787222222222222 0.06020312500000002 0.21526851851851853
3 0.37542708333333336 0.4325648148148148 0.032203124999999964 0.21802777777777774
3 0.06535416666666667 0.6668425925925926 0.04747916666666666 0.23471296296296298
8 0.11274999999999999 0.35183333333333333 0.05095833333333332 0.19060185185185188
8 0.646359375 0.35721296296296295 0.03331770833333323 0.14587037037037034
3 0.5299583333333333 0.3829351851851851 0.041494791666666704 0.20946296296296293
2 0.2893854166666667 0.5302037037037037 0.009822916666666615 0.025879629629629673
0 0.5849479166666666 0.04496296296296297 0.01676041666666658 0.03154629629629629
3 0.5667187499999999 0.2948611111111111 0.05135416666666662 0.1933703703703704
9 0.6231770833333333 0.2775648148148148 0.03236979166666672 0.021537037037037028
2 0.559375 0.5272777777777778 0.01066145833333323 0.02542592592592596
2 0.153953125 0.3360462962962963 0.011333333333333329 0.020101851851851885
2 0.69575 0.7729814814814815 0.009395833333333315 0.03094444444444451
2 0.5718854166666667 0.2605092592592593 0.010671874999999886 0.01874074074074075
2 0.6684218749999999 0.6165277777777778 0.010249999999999915 0.031287037037037
2 0.06575520833333333 0.6245740740740741 0.0077708333333333345 0.023453703703703636
2 0.44308333333333333 0.7405462962962963 0.00831250000000002 0.03048148148148155