3 0.4708333333333333 0.3939814814814815 0.05520833333333333 0.2101851851851852
3 0.4122395833333333 0.33240740740740743 0.04635416666666667 0.20185185185185187
8 0.5966145833333333 0.85 0.0578125 0.3
3 0.14479166666666668 0.49074074074074076 0.05 0.21666666666666667
3 0.3026041666666667 0.5226851851851851 0.05625 0.2175925925925926
8 0.022135416666666668 0.3541666666666667 0.044270833333333336 0.2064814814814815
8 0.6989583333333333 0.3861111111111111 0.03958333333333333 0.20555555555555555
3 0.596875 0.47824074074074074 0.051041666666666666 0.24537037037037038
3 0.1234375 0.41203703703703703 0.05520833333333333 0.2074074074074074
3 0.4151770833333333 0.7830925925925926 0.08640104166666672 0.30080555555555544
3 0.32057291666666665 0.4412037037037037 0.0484375 0.2175925925925926
0 0.5486979166666667 0.14074074074074075 0.018229166666666668 0.03333333333333333
2 0.40963541666666664 0.2972222222222222 0.013020833333333334 0.020370370370370372
2 0.40677083333333336 0.7550925925925925 0.015625 0.030555555555555555
2 0.3190104166666667 0.40555555555555556 0.008854166666666666 0.020370370370370372
9 0.62890625 0.25277777777777777 0.033854166666666664 0.022222222222222223
2 0.4666666666666667 0.36203703703703705 0.008333333333333333 0.020370370370370372
2 0.3151041666666667 0.48009259259259257 0.009375 0.026851851851851852
3 0.5859375 0.4532407407407407 0.058333333333333334 0.22870370370370371
2 0.5828125 0.41388888888888886 0.008333333333333333 0.024074074074074074
3 0.43588541666666664 0.7526759259259259 0.07421875 0.2810555555555555
2 0.12468229166666665 0.37478703703703703 0.010010416666666681 0.01939814814814819
2 0.15183854166666666 0.4484537037037037 0.008963541666666686 0.021277777777777795