3 0.05651041666666667 0.6180555555555556 0.06822916666666666 0.23796296296296296
3 0.40286458333333336 0.5574074074074075 0.07864583333333333 0.21851851851851853
3 0.3255208333333333 0.8222222222222222 0.08958333333333333 0.32407407407407407
3 0.4635416666666667 0.45787037037037037 0.05416666666666667 0.22870370370370371
3 0.36432291666666666 0.41759259259259257 0.0453125 0.2222222222222222
8 0.57734375 0.8777777777777778 0.06614583333333333 0.24444444444444444
3 0.5765625 0.5003425925925926 0.07395833333333333 0.25301851851851853
8 0.68203125 0.4101851851851852 0.044270833333333336 0.20555555555555555
3 0.31614583333333335 0.48842592592592593 0.0375 0.2324074074074074
3 0.0265625 0.48935185185185187 0.053125 0.21574074074074073
3 0.28046875 0.8643518518518518 0.11302083333333333 0.2712962962962963
2 0.32526041666666666 0.7736111111111111 0.0234375 0.032407407407407406
2 0.4635416666666667 0.4217592592592593 0.008333333333333333 0.021296296296296296
9 0.61328125 0.2884259259259259 0.0359375 0.023148148148148147
2 0.259375 0.8074074074074075 0.015625 0.03518518518518519
2 0.05807291666666667 0.5740740740740741 0.0109375 0.022222222222222223
2 0.35963541666666665 0.3712962962962963 0.0140625 0.020370370370370372
2 0.5697916666666667 0.4550925925925926 0.010416666666666666 0.021296296296296296
0 0.6091145833333333 0.3138888888888889 0.018229166666666668 0.03148148148148148
2 0.32005208333333335 0.45 0.0067708333333333336 0.022222222222222223
2 0.40520833333333334 0.5092592592592593 0.008333333333333333 0.024074074074074074
8 0.004427083333333333 0.4111111111111111 0.008854166666666666 0.2574074074074074
3 0.572015625 0.48265740740740737 0.07519791666666673 0.23225925925925925
1 0.6141197916666666 0.30426851851851855 0.03543229166666677 0.05827777777777783
2 0.024546875000000003 0.45130555555555557 0.010703124999999999 0.021296296296296296