6 0.3025 0.3930462962962963 0.04235937499999996 0.35148148148148145
3 0.2784947916666667 0.47137037037037033 0.05867187500000002 0.2526203703703704
7 0.33703125 0.39919444444444446 0.05227604166666673 0.3435833333333333
3 0.42809895833333333 0.3900462962962963 0.0887083333333333 0.22641666666666665
3 0.41016145833333334 0.6053425925925926 0.05394791666666663 0.28722222222222227
3 0.4350520833333333 0.544537037037037 0.10428125000000002 0.2773333333333333
3 0.56575 0.33122222222222225 0.05700520833333324 0.24717592592592597
3 0.8048958333333334 0.3964722222222222 0.06701562500000004 0.2353148148148148
3 0.9485208333333334 0.39746296296296296 0.04171354166666674 0.26299999999999996
3 0.788625 0.7573611111111112 0.07785937500000012 0.36780555555555555
8 0.26097395833333337 0.8441203703703704 0.07369270833333337 0.29018518518518505
8 0.20355208333333333 0.33443518518518517 0.05116666666666667 0.21800925925925924
2 0.7910364583333334 0.6795 0.017093750000000085 0.03552777777777768
2 0.4088229166666667 0.5472314814814815 0.013484375000000052 0.03125
2 0.30941145833333333 0.3590185185185185 0.010541666666666671 0.030620370370370416
9 0.27283854166666666 0.20278703703703702 0.036526041666666634 0.021805555555555568
2 0.5608802083333334 0.28811111111111115 0.014354166666666638 0.019314814814814826
2 0.8023333333333333 0.35962962962962963 0.006442708333333277 0.0169259259259259
0 0.31190104166666666 0.20144444444444445 0.01943229166666664 0.03470370370370372