3 0.31619270833333335 0.7028981481481481 0.05888541666666664 0.24626851851851855
3 0.43894791666666666 0.49476851851851855 0.07630208333333334 0.24172222222222217
3 0.22952604166666665 0.46447222222222223 0.06892187500000002 0.21337962962962967
3 0.4894947916666667 0.3258888888888889 0.064453125 0.18986111111111115
8 0.5042760416666667 0.8118703703703705 0.04736979166666669 0.2609629629629629
3 0.039223958333333336 0.5243981481481482 0.042770833333333334 0.22097222222222226
3 0.7199427083333333 0.748287037037037 0.05551041666666663 0.24973148148148153
3 0.3343333333333333 0.33325000000000005 0.04897916666666665 0.1996759259259259
3 0.6603593750000001 0.5850555555555556 0.03503125000000011 0.22450000000000003
3 0.19675520833333332 0.2866666666666667 0.047411458333333316 0.20242592592592593
3 0.522734375 0.2824351851851852 0.05128124999999996 0.19550925925925924
8 0.100109375 0.28774074074074074 0.046484375 0.18550000000000003
8 0.6478750000000001 0.28247222222222224 0.033114583333333295 0.1499444444444444
2 0.44047395833333336 0.43931481481481477 0.010656250000000018 0.02638888888888889
2 0.47642708333333333 0.2862314814814815 0.010114583333333371 0.025277777777777736
2 0.5119791666666667 0.2496574074074074 0.011546875000000038 0.02154629629629628
2 0.3377239583333333 0.2942314814814815 0.009984375000000038 0.022824074074074052
2 0.23330729166666667 0.4228425925925926 0.009510416666666662 0.02412962962962958
9 0.6280572916666666 0.21141666666666667 0.031635416666666555 0.021000000000000005
2 0.7181562499999999 0.6980462962962963 0.009848958333333258 0.029453703703703652
2 0.04043229166666666 0.48356481481481484 0.009416666666666658 0.019759259259259237