0 0.37668229166666667 0.2260925925925926 0.0151979166666667 0.03176851851851855
9 0.3623333333333333 0.30319444444444443 0.033786458333333394 0.025166666666666622
3 0.3080208333333333 0.7994629629629629 0.09468749999999998 0.2638148148148149
3 0.22884374999999998 0.8513240740740741 0.08310937499999997 0.2885092592592592
8 0.5375572916666667 0.913212962962963 0.06296875000000005 0.1735740740740741
3 0.7087552083333333 0.9189722222222222 0.08496354166666673 0.16205555555555554
3 0.6046927083333333 0.5840092592592593 0.06482291666666669 0.24775925925925918
3 0.563484375 0.4309074074074074 0.06667187499999994 0.18520370370370368
3 0.5544583333333333 0.3654722222222222 0.04491145833333334 0.20907407407407413
8 0.8004322916666666 0.3821388888888888 0.04560416666666664 0.19466666666666663
3 0.9149375000000001 0.9562407407407407 0.06233333333333325 0.0875185185185185
3 0.40204166666666663 0.5074444444444444 0.09271874999999999 0.18393518518518523
3 0.42468229166666666 0.47086111111111106 0.06561458333333334 0.20656481481481478
2 0.3070260416666667 0.7380092592592592 0.017989583333333316 0.035111111111111176
2 0.7331302083333333 0.9341666666666666 0.011156250000000038 0.03306481481481474
2 0.20216145833333332 0.7796203703703704 0.009989583333333307 0.028175925925925986
8 0.049380208333333335 0.7505277777777778 0.05249479166666668 0.2578240740740741
2 0.4088541666666667 0.4758981481481482 0.0076458333333333664 0.014888888888888873
2 0.5617552083333333 0.4090185185185185 0.009031250000000076 0.020907407407407444
2 0.554578125 0.3342314814814815 0.00873437499999999 0.018925925925925978
2 0.6124010416666666 0.534712962962963 0.014692708333333353 0.036138888888888866
2 0.9226510416666667 0.9822129629629629 0.023744791666666744 0.03557407407407414