8 0.8203125 0.8861111111111111 0.06354166666666666 0.22777777777777777
8 0.7533854166666667 0.2828703703703704 0.044270833333333336 0.21388888888888888
3 0.6989583333333333 0.7620370370370371 0.090625 0.2351851851851852
3 0.33645833333333336 0.7513888888888889 0.06041666666666667 0.25833333333333336
3 0.45364583333333336 0.5263888888888889 0.052083333333333336 0.27685185185185185
3 0.371796875 0.4518888888888889 0.06351562500000002 0.25730555555555557
8 0.06614583333333333 0.6337962962962963 0.041666666666666664 0.26944444444444443
3 0.31821354166666665 0.5418981481481482 0.04205208333333334 0.2625
0 0.332796875 0.17589814814814814 0.01835416666666667 0.03217592592592593
9 0.340625 0.20972222222222223 0.0375 0.023148148148148147
2 0.33255208333333336 0.7203703703703703 0.013020833333333334 0.03518518518518519
3 0.276375 0.4783425925925926 0.061020833333333344 0.26185185185185184
2 0.33098958333333334 0.4810185185185185 0.0078125 0.026851851851851852
3 0.99375 0.399537037037037 0.0125 0.20092592592592592
3 0.39415104166666665 0.43416666666666665 0.0390260416666667 0.2216944444444445
3 0.308 0.48568518518518516 0.0740052083333333 0.23878703703703696
2 0.36127604166666666 0.4087037037037037 0.009135416666666648 0.01860185185185188