5 0.206640625 0.49978703703703703 0.048177083333333336 0.28872222222222216
7 0.244125 0.4903703703703704 0.08143750000000004 0.2548148148148149
8 0.5953125 0.7842592592592592 0.05520833333333333 0.18888888888888888
8 0.023177083333333334 0.34629629629629627 0.04635416666666667 0.1925925925925926
3 0.76953125 0.625 0.0515625 0.22407407407407406
3 0.2890625 0.7453703703703703 0.05416666666666667 0.27037037037037037
3 0.40286458333333336 0.38935185185185184 0.06510416666666667 0.20462962962962963
3 0.6307291666666667 0.37962962962962965 0.05625 0.18888888888888888
3 0.44140625 0.6564814814814814 0.07239583333333334 0.25925925925925924
8 0.7859375 0.3685185185185185 0.036458333333333336 0.19444444444444445
3 0.3572916666666667 0.3175925925925926 0.042708333333333334 0.2037037037037037
3 0.6546875 0.3282407407407407 0.040625 0.18611111111111112
3 0.8390625 0.7314814814814815 0.0625 0.2074074074074074
2 0.44296875 0.5962962962962963 0.018229166666666668 0.02962962962962963
0 0.3421875 0.08148148148148149 0.01875 0.03333333333333333
2 0.28880208333333335 0.6944444444444444 0.013020833333333334 0.02962962962962963
2 0.8489583333333334 0.7111111111111111 0.0125 0.02962962962962963
2 0.6338541666666667 0.34074074074074073 0.008333333333333333 0.022222222222222223
2 0.6544270833333333 0.30324074074074076 0.0078125 0.01574074074074074
2 0.7622395833333333 0.5847222222222223 0.008854166666666666 0.021296296296296296
9 0.7299479166666667 0.23981481481481481 0.0328125 0.018518518518518517
2 0.409375 0.3425925925925926 0.010416666666666666 0.024074074074074074
2 0.24921875 0.4166666666666667 0.009895833333333333 0.022222222222222223
2 0.3625 0.28194444444444444 0.010416666666666666 0.021296296296296296
2 0.19296875 0.4648148148148148 0.0078125 0.022222222222222223