8 0.8200520833333333 0.8865740740740741 0.06197916666666667 0.22685185185185186
3 0.2171875 0.4837962962962963 0.07291666666666667 0.2490740740740741
8 0.7533854166666667 0.2833333333333333 0.044270833333333336 0.21296296296296297
3 0.3560625 0.7573981481481482 0.0644166666666667 0.24446296296296294
3 0.44238541666666664 0.5249166666666666 0.05365624999999999 0.27334259259259264
3 0.29348958333333336 0.4638888888888889 0.06197916666666667 0.24074074074074073
3 0.34496875 0.5157777777777778 0.047343750000000046 0.25376851851851845
3 0.6428697916666667 0.7509814814814815 0.0641302083333334 0.2572962962962964
8 0.065625 0.6337962962962963 0.041666666666666664 0.26944444444444443
3 0.3633645833333333 0.4449259259259259 0.06110416666666663 0.2982870370370371
2 0.45338541666666665 0.4634259259259259 0.011979166666666667 0.030555555555555555
2 0.3541666666666667 0.37916666666666665 0.009375 0.023148148148148147
2 0.35494791666666664 0.725 0.015104166666666667 0.037037037037037035
9 0.34036458333333336 0.20972222222222223 0.03697916666666667 0.023148148148148147
3 0.3959895833333333 0.4412222222222222 0.04018750000000004 0.2805092592592593
2 0.34661458333333334 0.46296296296296297 0.008854166666666666 0.02962962962962963
2 0.2986979166666667 0.42083333333333334 0.0140625 0.021296296296296296
3 0.99140625 0.3824074074074074 0.0171875 0.2222222222222222
2 0.20598958333333334 0.43796296296296294 0.008854166666666666 0.027777777777777776
0 0.34315625 0.23148148148148148 0.01672395833333328 0.029203703703703697
1 0.34104166666666663 0.23450925925925928 0.03775000000000001 0.07398148148148151
2 0.66353125 0.7052962962962963 0.009005208333333315 0.03420370370370376