0 0.5830885416666667 0.1699351851851852 0.01844270833333326 0.032898148148148176
9 0.25163541666666667 0.2129074074074074 0.03513020833333336 0.025046296296296306
3 0.3303333333333333 0.35274074074074074 0.041484375000000046 0.1966759259259259
3 0.24603125 0.6518888888888889 0.051828124999999996 0.22865740740740745
3 0.164875 0.7892685185185185 0.06974999999999998 0.2772222222222221
3 0.45394270833333333 0.648212962962963 0.04551562500000005 0.2777777777777778
3 0.4698541666666667 0.6085277777777778 0.09994791666666672 0.18911111111111112
7 0.648796875 0.5152037037037037 0.11149999999999996 0.30648148148148147
5 0.726859375 0.5970833333333333 0.05184374999999998 0.2894444444444445
3 0.7604895833333334 0.32310185185185186 0.04899999999999996 0.2124444444444444
3 0.6132395833333334 0.3973240740740741 0.06550000000000011 0.2186666666666667
3 0.3328697916666667 0.2729814814814815 0.041750000000000044 0.19039814814814815
8 0.4851875 0.834611111111111 0.06740625000000004 0.2955648148148147
8 0.6289374999999999 0.2481111111111111 0.03913020833333339 0.17774074074074078
2 0.45838020833333337 0.5804444444444444 0.009520833333333319 0.02877777777777771
2 0.32155208333333335 0.31078703703703703 0.011234374999999967 0.02843518518518522
2 0.6092916666666667 0.36062037037037037 0.015338541666666572 0.023018518518518532
2 0.33234375 0.24887962962962965 0.008187500000000014 0.01889814814814812
2 0.7609843749999999 0.28678703703703706 0.007578125000000094 0.020444444444444484
2 0.6507135416666666 0.4757777777777778 0.018656250000000086 0.03969444444444439