3 0.7940104166666667 0.5675925925925925 0.06927083333333334 0.2518518518518518
3 0.042708333333333334 0.5736111111111111 0.06145833333333333 0.2601851851851852
3 0.46171875 0.5342592592592592 0.06822916666666666 0.24444444444444444
8 0.2911458333333333 0.8810185185185185 0.07604166666666666 0.23796296296296296
3 0.5669270833333333 0.362962962962963 0.059895833333333336 0.22592592592592592
8 0.38125 0.32037037037037036 0.041666666666666664 0.2074074074074074
3 0.6741979166666667 0.5676481481481481 0.09319270833333325 0.27603703703703697
3 0.696515625 0.5921296296296297 0.07363020833333328 0.27685185185185185
3 0.5416666666666666 0.3337962962962963 0.052083333333333336 0.21944444444444444
3 0.23515104166666667 0.3646851851851852 0.03646354166666666 0.2169259259259259
2 0.70234375 0.5319444444444444 0.021354166666666667 0.03425925925925926
0 0.7661458333333333 0.35462962962962963 0.01875 0.03148148148148148
2 0.80390625 0.5226851851851851 0.011979166666666667 0.030555555555555555
2 0.5330729166666667 0.3 0.0078125 0.020370370370370372
9 0.7518229166666667 0.26157407407407407 0.034895833333333334 0.021296296296296296
3 0.23550520833333335 0.32983333333333337 0.05733854166666668 0.2102962962962963
2 0.4666666666666667 0.4894907407407407 0.008499999999999968 0.026657407407407373