3 0.6203125 0.34444444444444444 0.07291666666666667 0.22037037037037038
3 0.3234375 0.5990740740740741 0.071875 0.2537037037037037
3 0.022916666666666665 0.8023148148148148 0.04583333333333333 0.325
3 0.5802083333333333 0.31712962962962965 0.04791666666666667 0.20833333333333334
3 0.3263802083333333 0.33671296296296294 0.05018749999999995 0.2003796296296296
3 0.7763020833333333 0.5694444444444444 0.05572916666666667 0.23333333333333334
8 0.3841145833333333 0.31296296296296294 0.0390625 0.20925925925925926
3 0.7050572916666666 0.5914259259259259 0.07677604166666659 0.2735
3 0.10364583333333334 0.5504629629629629 0.03958333333333333 0.262037037037037
2 0.7049479166666667 0.5305555555555556 0.021354166666666667 0.03333333333333333
2 0.00390625 0.7319444444444444 0.0078125 0.03425925925925926
2 0.5765625 0.28425925925925927 0.008333333333333333 0.018518518518518517
9 0.7502604166666667 0.25601851851851853 0.03697916666666667 0.021296296296296296
2 0.7841145833333333 0.5273148148148148 0.011979166666666667 0.032407407407407406
2 0.328125 0.5472222222222223 0.009375 0.02962962962962963
0 0.6169270833333333 0.011111111111111112 0.021354166666666667 0.022222222222222223
3 0.3125208333333333 0.34911111111111115 0.05586458333333333 0.23864814814814816
3 0.699203125 0.5609259259259259 0.08788020833333335 0.2798981481481481
8 0.2837552083333333 0.8930648148148148 0.05286458333333333 0.21387037037037038