3 0.68896875 0.8220740740740742 0.059776041666666654 0.2752314814814816
3 0.26025 0.5859907407407408 0.07089062500000001 0.2331481481481481
3 0.5881354166666667 0.5761296296296297 0.07832812499999993 0.29019444444444453
3 0.5028229166666667 0.3560185185185185 0.05956770833333339 0.2077314814814815
3 0.023682291666666667 0.7143240740740741 0.047364583333333335 0.2613981481481481
3 0.3877447916666667 0.4413518518518519 0.05403125 0.21648148148148155
3 0.48123958333333333 0.8170370370370369 0.060666666666666674 0.2946203703703703
3 0.6620885416666666 0.6727037037037037 0.047619791666666585 0.24542592592592588
3 0.10052083333333334 0.39489814814814816 0.059682291666666686 0.22950925925925922
8 0.4521145833333333 0.900324074074074 0.04268229166666669 0.19923148148148145
8 0.65315625 0.3429537037037037 0.04360937500000001 0.1556759259259259
2 0.5889635416666666 0.5080185185185185 0.011729166666666657 0.029842592592592608
9 0.6231458333333334 0.2658148148148148 0.03614062499999993 0.022888888888888913
2 0.468625 0.756712962962963 0.010989583333333285 0.03058333333333331
2 0.6914635416666666 0.7643611111111112 0.011161458333333247 0.029648148148148132
2 0.6675364583333334 0.629962962962963 0.013515624999999904 0.03294444444444438
3 0.6068229166666667 0.2565 0.04440625000000011 0.20900925925925928
0 0.6174895833333333 0.23405555555555557 0.017776041666666725 0.03206481481481484
2 0.096828125 0.3485185185185185 0.013817708333333348 0.019657407407407426
2 0.49976041666666665 0.3237037037037037 0.007874999999999943 0.021157407407407427
8 0.07712500000000001 0.3433611111111111 0.05353645833333334 0.21351851851851855
2 0.393953125 0.4061296296296296 0.0051354166666666146 0.020324074074074116