3 0.5747395833333333 0.43148148148148147 0.07552083333333333 0.19444444444444445
3 0.7625520833333332 0.5640277777777778 0.06759895833333332 0.23732407407407402
3 0.19817708333333334 0.8356481481481481 0.06510416666666667 0.2601851851851852
3 0.84609375 0.7268518518518519 0.05677083333333333 0.2388888888888889
3 0.54921875 0.3958333333333333 0.05572916666666667 0.18055555555555555
3 0.7692708333333333 0.6777777777777778 0.04583333333333333 0.22777777777777777
8 0.35859375 0.37037037037037035 0.0421875 0.17592592592592593
3 0.3768229166666667 0.6453703703703704 0.0390625 0.22777777777777777
8 0.3194166666666666 0.8009259259259259 0.03258854166666663 0.15925925925925927
3 0.7333802083333333 0.557962962962963 0.04696874999999991 0.22148148148148153
3 0.17630208333333333 0.41203703703703703 0.059895833333333336 0.21481481481481482
2 0.17708333333333334 0.3675925925925926 0.0125 0.018518518518518517
2 0.853125 0.6833333333333333 0.010416666666666666 0.024074074074074074
2 0.7486979166666666 0.5152777777777777 0.013020833333333334 0.021296296296296296
2 0.1875 0.7856481481481481 0.014583333333333334 0.030555555555555555
2 0.5791666666666667 0.39305555555555555 0.015625 0.023148148148148147
0 0.7059895833333333 0.24814814814814815 0.018229166666666668 0.03333333333333333
9 0.7252604166666666 0.30324074074074076 0.03177083333333333 0.017592592592592594
8 0.9890625 0.7112037037037037 0.021875 0.15722222222222218
2 0.5502604166666667 0.3675925925925926 0.008854166666666666 0.014814814814814815
3 0.173828125 0.40499999999999997 0.07949999999999999 0.1643981481481481
2 0.14023958333333333 0.3670555555555556 0.008151041666666655 0.017870370370370328