8 0.8158854166666667 0.8833333333333333 0.0640625 0.23333333333333334
8 0.7497395833333333 0.2847222222222222 0.043229166666666666 0.2101851851851852
3 0.49583333333333335 0.5189814814814815 0.06875 0.2675925925925926
3 0.31692708333333336 0.7490740740740741 0.06197916666666667 0.26296296296296295
3 0.71953125 0.7597222222222222 0.05677083333333333 0.24166666666666667
3 0.9815104166666667 0.3726851851851852 0.03697916666666667 0.23981481481481481
8 0.075 0.6300925925925925 0.03958333333333333 0.2657407407407407
7 0.28515104166666666 0.45958333333333334 0.0795625 0.3464351851851851
3 0.38821875 0.45396296296296296 0.08477604166666666 0.254962962962963
2 0.3294270833333333 0.4111111111111111 0.016145833333333335 0.027777777777777776
0 0.32890625 0.2671296296296296 0.0203125 0.03425925925925926
2 0.7283854166666667 0.7087962962962963 0.0140625 0.028703703703703703
9 0.34296875 0.2125 0.0359375 0.021296296296296296
2 0.30546875 0.7125 0.009895833333333333 0.03425925925925926
2 0.30963541666666666 0.43148148148148147 0.0078125 0.027777777777777776
6 0.334203125 0.4283148148148148 0.05077083333333334 0.3376666666666666
3 0.39332291666666663 0.4408240740740741 0.048822916666666674 0.2648240740740741
2 0.9827291666666667 0.32683333333333336 0.007062499999999972 0.01888888888888887