3 0.25677083333333334 0.7546296296296297 0.0875 0.2518518518518518
8 0.7950520833333333 0.875 0.06197916666666667 0.25
8 0.7354166666666667 0.29398148148148145 0.040625 0.19537037037037036
3 0.53984375 0.4986111111111111 0.05572916666666667 0.25277777777777777
3 0.7796875 0.7712962962962963 0.109375 0.18888888888888888
3 0.27890625 0.6017407407407407 0.06927083333333334 0.24977777777777777
3 0.33984375 0.5879629629629629 0.05260416666666667 0.2462962962962963
8 0.10104166666666667 0.6175925925925926 0.0375 0.24814814814814815
3 0.43096875 0.4825277777777778 0.0870208333333333 0.2349351851851852
3 0.9028645833333333 0.3675925925925926 0.050520833333333334 0.2222222222222222
3 0.35885416666666664 0.44212962962962965 0.04791666666666667 0.22685185185185186
2 0.36328125 0.4152777777777778 0.009895833333333333 0.021296296296296296
2 0.54609375 0.4412037037037037 0.011979166666666667 0.026851851851851852
2 0.33828125 0.5402777777777777 0.019270833333333334 0.030555555555555555
0 0.325625 0.15058333333333332 0.016958333333333304 0.030185185185185207
2 0.27421875 0.5546296296296296 0.011979166666666667 0.027777777777777776
9 0.35260416666666666 0.225 0.03229166666666667 0.022222222222222223
3 0.9791666666666666 0.6013888888888889 0.041666666666666664 0.20092592592592592
3 0.41284375 0.45542592592592596 0.04954687499999994 0.23467592592592595
2 0.7603645833333333 0.7166851851851852 0.016598958333333278 0.021842592592592518
2 0.89353125 0.32422222222222224 0.006744791666666572 0.018879629629629618