0 0.28097395833333333 0.2611944444444444 0.02038020833333339 0.036129629629629616
9 0.2873958333333333 0.2552685185185185 0.037901041666666656 0.027500000000000042
3 0.3032916666666667 0.6269444444444444 0.08662499999999997 0.2643240740740741
3 0.36980729166666665 0.6493981481481482 0.06764062499999994 0.2920555555555556
3 0.37723437499999996 0.6675555555555556 0.11093229166666667 0.2009351851851852
3 0.51171875 0.49433333333333335 0.06261458333333329 0.2290925925925926
3 0.384578125 0.42662037037037037 0.09536458333333328 0.19893518518518516
3 0.42844791666666665 0.3931296296296296 0.06851041666666664 0.18877777777777777
3 0.8410781249999999 0.6736481481481481 0.06266145833333331 0.2426666666666666
3 0.9218541666666666 0.7182685185185186 0.08803124999999999 0.3112870370370371
8 0.6667291666666666 0.8893425925925926 0.04553125000000004 0.2213148148148148
3 0.37356770833333336 0.8702777777777777 0.07128125000000006 0.2594444444444445
2 0.40725 0.6347685185185185 0.013854166666666619 0.035416666666666666
2 0.3041354166666667 0.5759629629629629 0.016812499999999987 0.03182407407407397
2 0.35658854166666665 0.5744444444444444 0.01463020833333329 0.027666666666666766
8 0.73121875 0.30153703703703705 0.04294791666666668 0.20103703703703704
3 0.898 0.4239907407407407 0.052651041666666745 0.24192592592592585
2 0.9287604166666666 0.6477037037037037 0.027145833333333275 0.042064814814814874
1 0.2875052083333333 0.27746296296296297 0.03759895833333336 0.07205555555555561
2 0.8982552083333334 0.3870648148148148 0.010125000000000028 0.02006481481481478
2 0.38509895833333335 0.40000925925925923 0.009963541666666723 0.02454629629629629
2 0.4205833333333333 0.36593518518518514 0.007927083333333347 0.020833333333333332
2 0.36222916666666666 0.815712962962963 0.009750000000000014 0.032703703703703645