3 0.6473958333333333 0.6560185185185186 0.05625 0.2101851851851852
3 0.8341145833333333 0.7527777777777778 0.06510416666666667 0.21851851851851853
3 0.7518229166666667 0.5175925925925926 0.05677083333333333 0.2
3 0.19010416666666666 0.8245370370370371 0.06875 0.2601851851851852
3 0.5390625 0.4078703703703704 0.06145833333333333 0.20277777777777778
5 0.25 0.3921296296296296 0.035416666666666666 0.25277777777777777
3 0.29973958333333334 0.6013888888888889 0.0578125 0.19907407407407407
3 0.7989583333333333 0.5152777777777777 0.05 0.21944444444444444
3 0.5658854166666667 0.32175925925925924 0.043229166666666666 0.19907407407407407
8 0.9825520833333333 0.6412037037037037 0.033854166666666664 0.22314814814814815
8 0.32265625 0.812962962962963 0.043229166666666666 0.13333333333333333
2 0.5369791666666667 0.3597222222222222 0.015625 0.023148148148148147
2 0.1828125 0.774074074074074 0.015625 0.03148148148148148
0 0.24375 0.28194444444444444 0.016666666666666666 0.030555555555555555
2 0.8244791666666667 0.7203703703703703 0.009375 0.027777777777777776
2 0.8067708333333333 0.46296296296296297 0.0125 0.024074074074074074
9 0.7239583333333334 0.2884259259259259 0.03229166666666667 0.019444444444444445
2 0.5627604166666667 0.2865740740740741 0.0067708333333333336 0.017592592592592594
7 0.30911458333333336 0.41944444444444445 0.0703125 0.26851851851851855
2 0.75703125 0.475462962962963 0.008854166666666666 0.025
8 0.31614583333333335 0.35509259259259257 0.046875 0.15092592592592594
2 0.29180729166666663 0.372962962962963 0.01182291666666669 0.02493518518518514