0 0.34603645833333335 0.30903703703703705 0.019020833333333324 0.03299074074074074
9 0.338921875 0.33006481481481487 0.03201562500000001 0.02556481481481483
8 0.299640625 0.4262962962962963 0.041911458333333346 0.1575370370370371
8 0.44427083333333334 0.9157407407407407 0.059375 0.1685185185185185
3 0.6574739583333333 0.8148425925925926 0.07895312500000008 0.27961111111111114
3 0.7110729166666666 0.8869907407407408 0.05050520833333323 0.22601851851851842
3 0.8272291666666667 0.5497037037037037 0.084515625 0.24919444444444439
3 0.8674270833333334 0.5722407407407407 0.061843749999999885 0.27375000000000005
3 0.6041875 0.3897407407407408 0.0581302083333334 0.20192592592592595
3 0.47720833333333335 0.4489259259259259 0.05565624999999995 0.15611111111111114
3 0.5009166666666667 0.6548796296296296 0.06348958333333338 0.2103518518518519
3 0.44515625000000003 0.665138888888889 0.06163541666666662 0.25139814814814815
3 0.4279427083333333 0.7585833333333333 0.07008854166666663 0.2447962962962964
3 0.47566145833333334 0.5942222222222222 0.04679166666666663 0.22977777777777786
2 0.497203125 0.6031203703703704 0.012968750000000048 0.02476851851851852
2 0.44907291666666665 0.6131296296296296 0.01832812500000003 0.03258333333333338
2 0.422703125 0.7085925925925926 0.014687500000000023 0.029916666666666616
2 0.6512395833333334 0.7516388888888889 0.023020833333333237 0.030833333333333292
2 0.7065520833333333 0.8705277777777778 0.012765625000000114 0.032777777777777864
2 0.6100260416666666 0.3561851851851852 0.006989583333333371 0.018518518518518517
2 0.474421875 0.4378425925925926 0.0075677083333333195 0.016277777777777815
2 0.8200989583333332 0.5016666666666666 0.012140624999999971 0.022027777777777743