0 0.5053854166666667 0.16048148148148147 0.014848958333333329 0.024287037037037055
9 0.31631250000000005 0.33916666666666667 0.030437500000000027 0.02375925925925923
8 0.28238541666666667 0.42916666666666664 0.0409791666666667 0.16364814814814815
8 0.4157083333333333 0.9077870370370369 0.05404166666666666 0.18441666666666662
8 0.9107760416666667 0.44078703703703703 0.05270833333333324 0.1868703703703704
3 0.7877083333333333 0.5553611111111111 0.05728125000000001 0.2704351851851851
3 0.7581197916666667 0.5691851851851852 0.07852604166666666 0.22929629629629622
3 0.5917760416666666 0.8109537037037039 0.054625000000000055 0.2785277777777778
3 0.565890625 0.8813703703703704 0.08326562499999994 0.23725925925925928
3 0.489828125 0.7001851851851852 0.06316145833333332 0.24850925925925915
3 0.5234010416666667 0.6192592592592592 0.058229166666666644 0.22288888888888891
3 0.46308333333333335 0.4501574074074074 0.04912499999999997 0.18411111111111114
3 0.5319375000000001 0.37833333333333335 0.04571354166666672 0.1942222222222222
3 0.40115625 0.7414907407407407 0.03791666666666664 0.22910185185185192
2 0.48785937500000004 0.6497314814814815 0.015760416666666662 0.031000000000000017
2 0.5947447916666667 0.7473240740740741 0.021312500000000036 0.030537037037037053
2 0.5384739583333332 0.3475648148148148 0.005645833333333409 0.015638888888888876
2 0.5248958333333333 0.5640185185185185 0.009312500000000057 0.02801851851851851
2 0.4643489583333333 0.41635185185185186 0.0067968749999999765 0.014657407407407445
2 0.7500885416666667 0.5235462962962962 0.016041666666666763 0.018574074074074024