3 0.340625 0.5689814814814815 0.05416666666666667 0.2064814814814815
3 0.58046875 0.45046296296296295 0.07135416666666666 0.2212962962962963
3 0.6083333333333333 0.5763888888888888 0.075 0.2101851851851852
8 0.5830729166666667 0.8217592592592593 0.049479166666666664 0.22870370370370371
3 0.6661458333333333 0.763425925925926 0.07083333333333333 0.262037037037037
3 0.4830729166666667 0.4134259259259259 0.0609375 0.2101851851851852
3 0.515625 0.3101851851851852 0.03854166666666667 0.20925925925925926
8 0.12213541666666666 0.3087962962962963 0.03802083333333333 0.19537037037037036
8 0.7078125 0.3125 0.035416666666666666 0.16574074074074074
3 0.4434895833333333 0.4263888888888889 0.03802083333333333 0.20833333333333334
3 0.6432291666666666 0.4847222222222222 0.07291666666666667 0.2490740740740741
2 0.6703125 0.7046296296296296 0.0125 0.02962962962962963
9 0.66796875 0.20092592592592592 0.033854166666666664 0.020370370370370372
0 0.21666666666666667 0.5087962962962963 0.017708333333333333 0.032407407407407406
2 0.3458333333333333 0.5287037037037037 0.007291666666666667 0.025925925925925925
3 0.5296875 0.21388888888888888 0.052083333333333336 0.18518518518518517
2 0.15286458333333333 0.5634259259259259 0.0109375 0.028703703703703703
2 0.5877604166666667 0.4152777777777778 0.009895833333333333 0.019444444444444445
4 0.16924999999999998 0.5939074074074073 0.11322395833333333 0.20664814814814822
2 0.611109375 0.5389814814814815 0.014989583333333438 0.01843518518518526
2 0.46995312499999997 0.38030555555555556 0.005390624999999953 0.01891666666666662
2 0.526046875 0.17817592592592593 0.01061458333333339 0.01686111111111109