0 0.3662447916666667 0.3038796296296296 0.01703645833333335 0.03058333333333331
9 0.33317708333333335 0.31456481481481485 0.03373437499999999 0.022268518518518476
8 0.2940989583333333 0.4150648148148148 0.04375520833333333 0.17220370370370372
8 0.44345833333333334 0.9191296296296296 0.05909895833333335 0.1617407407407408
3 0.7058854166666666 0.8010833333333331 0.07147395833333334 0.29585185185185175
3 0.8103229166666667 0.8792962962962961 0.052057291666666575 0.24139814814814808
3 0.8303802083333333 0.5533981481481481 0.05803125000000004 0.25109259259259264
3 0.9318333333333333 0.6023240740740741 0.06507291666666669 0.2488240740740741
3 0.6535104166666666 0.39997222222222223 0.05931250000000006 0.21582407407407406
3 0.48314583333333333 0.6224259259259259 0.05397916666666672 0.23592592592592587
3 0.4610625 0.4959351851851852 0.05675520833333335 0.19685185185185183
6 0.402921875 0.5293148148148148 0.05909895833333335 0.3121666666666667
7 0.3870260416666667 0.5841203703703703 0.05973958333333336 0.2943333333333333
3 0.40633854166666666 0.7754814814814814 0.080859375 0.2696851851851852
2 0.489859375 0.5767592592592592 0.006750000000000019 0.027333333333333317
2 0.3978645833333333 0.7255370370370371 0.013250000000000029 0.035111111111111176
2 0.7121666666666666 0.7394259259259259 0.023875000000000077 0.037999999999999964
2 0.656328125 0.3617870370370371 0.006328125000000047 0.017527777777777732
2 0.38441145833333334 0.5485092592592592 0.02048437499999996 0.029935185185185117
2 0.46257291666666667 0.47457407407407404 0.008234374999999971 0.020287037037037062
2 0.83 0.502787037037037 0.011703124999999896 0.02350925925925935