2 0.20877083333333332 0.6119814814814816 0.011125000000000006 0.02856481481481473
5 0.21383854166666666 0.625824074074074 0.0687239583333333 0.3023611111111111
7 0.236828125 0.6216481481481482 0.05932812499999998 0.2676481481481481
3 0.30777604166666667 0.49551851851851847 0.0479583333333333 0.2263333333333334
3 0.233734375 0.3689444444444444 0.08034374999999999 0.17887037037037032
0 0.24893749999999998 0.25050925925925926 0.017302083333333346 0.029888888888888864
9 0.3526458333333334 0.21050925925925926 0.03189062500000001 0.02549074074074077
3 0.4017135416666667 0.43860185185185185 0.05191145833333337 0.20567592592592593
3 0.3757604166666667 0.41487037037037044 0.04252083333333338 0.20743518518518522
3 0.361296875 0.374 0.04672395833333335 0.21886111111111112
3 0.5548593749999999 0.43091666666666667 0.04672395833333335 0.21138888888888885
3 0.6957708333333333 0.493324074074074 0.058588541666666556 0.2518240740740741
3 0.7354479166666666 0.6902129629629629 0.04746354166666673 0.25534259259259257
8 0.46067708333333335 0.7233888888888889 0.054635416666666714 0.1634907407407407
8 0.27019791666666665 0.29862962962962963 0.035104166666666686 0.16832407407407404
2 0.31114583333333334 0.45981481481481484 0.005989583333333334 0.021083333333333315
2 0.372328125 0.3848703703703704 0.007015625000000014 0.019314814814814826
2 0.5506666666666666 0.392 0.007411458333333343 0.01853703703703702