4 0.6593802083333333 0.5894537037037038 0.09759375000000006 0.21353703703703714
3 0.5979166666666667 0.553861111111111 0.058494791666666636 0.22465740740740736
0 0.6209739583333334 0.6222314814814814 0.016463541666666734 0.03181481481481472
3 0.6121458333333333 0.3942685185185186 0.0644374999999999 0.1990833333333334
3 0.4327552083333333 0.6970555555555557 0.09477604166666669 0.31307407407407417
3 0.4290052083333334 0.6125277777777778 0.0766354166666666 0.24634259259259256
8 0.33391145833333336 0.7468240740740741 0.058494791666666636 0.20575000000000004
3 0.11339062500000001 0.6945555555555556 0.07788541666666668 0.2769351851851851
3 0.16891145833333335 0.6545185185185185 0.04754687499999998 0.25246296296296306
8 0.18392708333333332 0.29667592592592595 0.05004687500000002 0.19296296296296295
9 0.23491145833333332 0.1771111111111111 0.036911458333333334 0.020574074074074047
3 0.3476770833333333 0.33449074074074076 0.05411458333333338 0.21075925925925926
3 0.39178125 0.23522222222222222 0.04472916666666672 0.18573148148148147
3 0.8035781249999999 0.3033425925925926 0.05380208333333343 0.2018611111111111
8 0.9423072916666667 0.2947222222222222 0.05286458333333333 0.1935185185185185
2 0.440609375 0.6204999999999999 0.011156250000000038 0.030703703703703778
2 0.11694270833333334 0.6460925925925926 0.012953125000000003 0.0294259259259259
2 0.8040052083333333 0.2700925925925926 0.0065572916666667425 0.013203703703703695
2 0.6208333333333333 0.3623240740740741 0.006197916666666714 0.013074074074074078
2 0.39140625 0.20647222222222222 0.011749999999999972 0.011824074074074058
2 0.16078645833333333 0.6016111111111111 0.009677083333333355 0.023527777777777852