6 0.34371875 0.45371296296296293 0.04785937500000005 0.35793518518518513
7 0.33783854166666666 0.49102777777777773 0.11844791666666671 0.3108796296296296
3 0.4024114583333333 0.4848518518518518 0.06684374999999995 0.2433796296296297
3 0.4462604166666667 0.5782592592592593 0.08395833333333336 0.24955555555555553
3 0.38302604166666665 0.7676851851851852 0.08261979166666661 0.2823518518518519
8 0.4409114583333333 0.9154537037037037 0.06256770833333339 0.1690925925925925
3 0.7029479166666667 0.38978703703703704 0.06256770833333339 0.23957407407407408
3 0.8256770833333333 0.548074074074074 0.06096354166666676 0.2880555555555556
3 0.7743385416666667 0.8049999999999999 0.0962552083333333 0.3056481481481483
3 0.9235364583333333 0.8707685185185184 0.08342187500000003 0.25846296296296306
9 0.3233958333333333 0.2809259259259259 0.03930729166666668 0.02947222222222226
2 0.383640625 0.717925925925926 0.013661458333333343 0.034842592592592696
2 0.4579479166666667 0.5381759259259259 0.008760416666666633 0.027981481481481506
2 0.7890104166666667 0.7425185185185185 0.026276041666666573 0.037851851851851956
1 0.3235364583333334 0.30407407407407405 0.038671875 0.07415740740740744
8 0.2831927083333333 0.3867037037037037 0.04070312500000002 0.1711851851851852
2 0.7086510416666666 0.3508148148148148 0.007703124999999981 0.02139814814814816
2 0.8225520833333333 0.4836666666666667 0.010177083333333314 0.02543518518518521
0 0.3285989583333333 0.2966388888888889 0.01829166666666661 0.0286666666666667