0 0.27514062499999997 0.1382037037037037 0.020541666666666694 0.03533333333333331
9 0.35446875 0.2099074074074074 0.03490624999999999 0.021379629629629606
8 0.268546875 0.2911111111111111 0.04542708333333335 0.15349999999999997
8 0.4593802083333333 0.7281759259259258 0.05644791666666672 0.16040740740740742
3 0.20744270833333334 0.6628981481481481 0.06105208333333335 0.22318518518518515
3 0.17972395833333332 0.6438796296296296 0.06339583333333335 0.21402777777777787
2 0.20504166666666668 0.6548240740740741 0.009432291666666674 0.02788888888888879
2 0.2982447916666667 0.45355555555555555 0.006343750000000033 0.02542592592592596
3 0.312390625 0.4999074074074074 0.04321875000000001 0.22947222222222222
3 0.26502604166666666 0.35514814814814816 0.0509427083333333 0.18520370370370368
3 0.3724947916666667 0.3760092592592592 0.055526041666666616 0.2116666666666667
3 0.37421354166666665 0.4212962962962963 0.04493229166666666 0.20962962962962967
3 0.4018333333333333 0.43439814814814814 0.062390624999999984 0.21954629629629627
3 0.5271875 0.4499166666666667 0.08414583333333331 0.20987962962962958
3 0.6344375 0.5003240740740741 0.11084895833333329 0.23533333333333337
3 0.7345260416666667 0.6870648148148147 0.0492916666666666 0.25676851851851845
2 0.74425 0.6424537037037037 0.009619791666666563 0.033064814814814845
2 0.5216145833333333 0.41855555555555557 0.007656250000000023 0.02098148148148145