3 0.40390625 0.3990740740740741 0.06510416666666667 0.20185185185185187
3 0.303125 0.6263888888888889 0.06145833333333333 0.23796296296296296
3 0.7622395833333333 0.5842592592592593 0.08072916666666667 0.21481481481481482
3 0.6666666666666666 0.5777777777777777 0.0625 0.21851851851851853
8 0.90078125 0.7939814814814815 0.04739583333333333 0.20092592592592592
3 0.4864583333333333 0.44212962962962965 0.06666666666666667 0.2212962962962963
3 0.8380208333333333 0.4615740740740741 0.08125 0.1935185185185185
3 0.5317708333333333 0.4074074074074074 0.0375 0.20555555555555555
3 0.26536458333333335 0.6782407407407407 0.0703125 0.22685185185185186
8 0.6359375 0.2847222222222222 0.042708333333333334 0.15833333333333333
0 0.6345677083333333 0.31068518518518523 0.014124999999999943 0.025064814814814863
3 0.41744791666666664 0.4847222222222222 0.03802083333333333 0.2064814814814815
2 0.2760416666666667 0.6361111111111111 0.010416666666666666 0.024074074074074074
2 0.30364583333333334 0.5837962962962963 0.013541666666666667 0.023148148148148147
8 0.0453125 0.5981481481481481 0.03229166666666667 0.21296296296296297
2 0.41640625 0.35648148148148145 0.009895833333333333 0.018518518518518517
2 0.7528645833333333 0.5449074074074074 0.0078125 0.026851851851851852
9 0.31171875 0.2199074074074074 0.0296875 0.019444444444444445
3 0.5934895833333333 0.29583333333333334 0.05260416666666667 0.13425925925925927
2 0.6453125 0.537962962962963 0.007291666666666667 0.025925925925925925