0 0.3002864583333333 0.27404629629629634 0.01758333333333333 0.03125925925925925
9 0.2798697916666667 0.24156481481481482 0.03770833333333335 0.026046296296296293
8 0.23005208333333332 0.3714722222222222 0.04591145833333332 0.1997129629629629
3 0.2646354166666667 0.47132407407407406 0.071703125 0.24243518518518511
3 0.2727395833333333 0.6804166666666667 0.08361979166666664 0.2785555555555555
3 0.22204166666666666 0.664962962962963 0.09866145833333331 0.24764814814814817
8 0.28534375 0.8389722222222222 0.06310416666666668 0.23513888888888893
3 0.4256197916666667 0.6680925925925926 0.07053125000000003 0.3011388888888889
3 0.5214531250000001 0.7966018518518518 0.09885937499999997 0.3011388888888889
3 0.40325 0.38658333333333333 0.04767187499999999 0.21881481481481477
3 0.48726041666666664 0.3290925925925926 0.05314062499999998 0.2108333333333333
3 0.762640625 0.408287037037037 0.042005208333333384 0.23444444444444437
3 0.8658958333333333 0.4173148148148148 0.056265625000000104 0.23583333333333328
2 0.5349531249999999 0.7308703703703704 0.012593749999999975 0.03482407407407398
2 0.418671875 0.6033796296296297 0.019031249999999982 0.03955555555555558
2 0.272515625 0.6146944444444444 0.015812499999999976 0.028361111111111212
3 0.29758333333333337 0.4160277777777777 0.07862500000000001 0.2217592592592592
2 0.48819270833333334 0.29636111111111113 0.012989583333333362 0.01649074074074069
2 0.8654895833333334 0.3751759259259259 0.007244791666666591 0.0191296296296296
2 0.3013645833333333 0.3805 0.006208333333333371 0.01875925925925925
2 0.2562291666666667 0.43637037037037035 0.008572916666666685 0.024175925925925938