8 0.7104166666666667 0.8009259259259259 0.05416666666666667 0.15925925925925927
3 0.7255208333333333 0.40046296296296297 0.04791666666666667 0.18981481481481483
3 0.6614583333333334 0.412962962962963 0.05 0.21481481481481482
3 0.48984375 0.5060185185185185 0.06822916666666666 0.23425925925925925
8 0.8588541666666667 0.39490740740740743 0.046875 0.18981481481481483
3 0.5921875 0.5606481481481481 0.078125 0.24351851851851852
3 0.5247395833333334 0.7851851851851852 0.05572916666666667 0.19074074074074074
3 0.17552083333333332 0.7134259259259259 0.0625 0.2712962962962963
3 0.67734375 0.6685185185185185 0.06197916666666667 0.23148148148148148
8 0.17213541666666668 0.36064814814814816 0.05364583333333333 0.18611111111111112
3 0.228125 0.43425925925925923 0.04583333333333333 0.26481481481481484
3 0.2981770833333333 0.45925925925925926 0.03697916666666667 0.2074074074074074
2 0.165625 0.6546296296296297 0.017708333333333333 0.03148148148148148
3 0.16302083333333334 0.5018518518518519 0.034375 0.23703703703703705
2 0.5286458333333334 0.7773148148148148 0.014583333333333334 0.028703703703703703
2 0.7263020833333333 0.37083333333333335 0.0078125 0.01574074074074074
0 0.7776041666666667 0.35694444444444445 0.017708333333333333 0.030555555555555555
2 0.6794270833333333 0.6277777777777778 0.009895833333333333 0.027777777777777776
9 0.790625 0.2773148148148148 0.03333333333333333 0.017592592592592594
2 0.6619791666666667 0.37222222222222223 0.007291666666666667 0.018518518518518517
2 0.5856770833333333 0.5078703703703704 0.0140625 0.026851851851851852
2 0.21658333333333332 0.4068888888888889 0.007781250000000029 0.023083333333333286