3 0.27317708333333335 0.5939814814814814 0.07552083333333333 0.23425925925925925
3 0.0765625 0.6430555555555556 0.084375 0.23425925925925925
3 0.6299479166666667 0.42824074074074076 0.0484375 0.18425925925925926
3 0.8541666666666666 0.6370370370370371 0.06354166666666666 0.22407407407407406
3 0.7859375 0.4986111111111111 0.0625 0.21944444444444444
3 0.26067708333333334 0.5050925925925925 0.06822916666666666 0.24537037037037038
4 0.37604166666666666 0.36666666666666664 0.07916666666666666 0.18888888888888888
3 0.9559895833333333 0.35833333333333334 0.0578125 0.19444444444444445
3 0.5984375 0.7601851851851852 0.08020833333333334 0.22962962962962963
3 0.9776041666666667 0.30833333333333335 0.04479166666666667 0.18703703703703703
0 0.43333333333333335 0.45092592592592595 0.013541666666666667 0.024074074074074074
2 0.596875 0.725462962962963 0.009375 0.028703703703703703
8 0.7236979166666667 0.7796296296296297 0.06302083333333333 0.18518518518518517
2 0.9598802083333333 0.3155462962962963 0.009281250000000085 0.019675925925925927