3 0.0625 0.6777777777777778 0.09895833333333333 0.25
3 0.7690104166666667 0.3421296296296296 0.059895833333333336 0.18425925925925926
3 0.5591145833333333 0.7439814814814815 0.0765625 0.21944444444444444
3 0.203125 0.48148148148148145 0.07604166666666666 0.2351851851851852
3 0.27708333333333335 0.5958333333333333 0.057291666666666664 0.23981481481481481
3 0.6736979166666667 0.6231481481481481 0.0578125 0.22962962962962963
3 0.51484375 0.43333333333333335 0.06302083333333333 0.17592592592592593
8 0.7286458333333333 0.7444444444444445 0.046875 0.17777777777777778
3 0.53984375 0.4837962962962963 0.0453125 0.225
8 0.9546875 0.3296296296296296 0.041666666666666664 0.15555555555555556
3 0.7872395833333333 0.2861111111111111 0.04114583333333333 0.17962962962962964
0 0.378125 0.37916666666666665 0.0125 0.026851851851851852
2 0.27265625 0.5462962962962963 0.0109375 0.025925925925925925
2 0.19895833333333332 0.42962962962962964 0.00625 0.022222222222222223
2 0.6817708333333333 0.5768518518518518 0.009375 0.025925925925925925
9 0.9609375 0.24074074074074073 0.03125 0.020370370370370372
2 0.5638020833333334 0.712037037037037 0.0067708333333333336 0.027777777777777776
2 0.5182291666666666 0.39305555555555555 0.008333333333333333 0.021296296296296296
4 0.36981770833333333 0.3891574074074074 0.0457916666666667 0.18863888888888886
2 0.54703125 0.4210833333333333 0.0140625 0.02419444444444444