3 0.17994791666666668 0.4009259259259259 0.06927083333333334 0.2037037037037037
3 0.3375 0.5319444444444444 0.09270833333333334 0.21203703703703702
8 0.6013020833333333 0.7694444444444445 0.05364583333333333 0.18888888888888888
3 0.6744791666666666 0.6699074074074074 0.07291666666666667 0.23055555555555557
3 0.5984375 0.5601851851851852 0.07395833333333333 0.21666666666666667
3 0.29244791666666664 0.736574074074074 0.06302083333333333 0.2861111111111111
8 0.78046875 0.36018518518518516 0.04114583333333333 0.19074074074074074
3 0.57109375 0.26990740740740743 0.04114583333333333 0.18981481481481483
3 0.42213541666666665 0.6337962962962963 0.05572916666666667 0.2564814814814815
3 0.57890625 0.3680555555555556 0.0359375 0.19166666666666668
8 0.03359375 0.33055555555555555 0.033854166666666664 0.1925925925925926
3 0.22552083333333334 0.46944444444444444 0.05625 0.22037037037037038
2 0.5705729166666667 0.24259259259259258 0.0078125 0.018518518518518517
2 0.28802083333333334 0.6592592592592592 0.0125 0.027777777777777776
0 0.24479166666666666 0.5319444444444444 0.015625 0.028703703703703703
9 0.7307291666666667 0.22453703703703703 0.03229166666666667 0.019444444444444445
2 0.32317708333333334 0.4925925925925926 0.011979166666666667 0.018518518518518517
2 0.6783854166666666 0.6319444444444444 0.013020833333333334 0.023148148148148147
4 0.21019270833333334 0.5673333333333334 0.08607291666666667 0.24309259259259255