8 0.4738072916666667 0.8254074074074075 0.06773958333333331 0.2949814814814814
8 0.628890625 0.228 0.035390624999999905 0.1935
7 0.6292708333333333 0.48881481481481476 0.09628125000000007 0.3118981481481482
5 0.7244114583333333 0.5632407407407407 0.05594270833333326 0.29295370370370366
3 0.32840104166666667 0.3345648148148148 0.041796875 0.19774074074074077
3 0.33202604166666666 0.2582592592592593 0.04129166666666665 0.1893425925925926
3 0.24026041666666667 0.622824074074074 0.045447916666666664 0.23288888888888887
3 0.15775 0.7689907407407407 0.07800520833333333 0.27035185185185184
3 0.476421875 0.6273888888888889 0.0903958333333333 0.2746666666666668
3 0.475015625 0.5893425925925926 0.08845833333333329 0.1808518518518518
3 0.7574791666666666 0.29744444444444446 0.04619270833333336 0.212462962962963
3 0.6242395833333333 0.38814814814814813 0.05916145833333341 0.20293518518518514
2 0.47066145833333334 0.5528240740740741 0.012348958333333352 0.034333333333333264
9 0.2509635416666667 0.19262037037037036 0.03506249999999997 0.029759259259259246
0 0.6185104166666666 0.21775 0.01811979166666665 0.03255555555555558
2 0.6166354166666667 0.35225925925925927 0.015088541666666563 0.021842592592592622
2 0.3177447916666667 0.29126851851851854 0.01126041666666661 0.030888888888888903
2 0.33039583333333333 0.2294814814814815 0.007093749999999943 0.01701851851851854
2 0.7575729166666666 0.26231481481481483 0.008588541666666553 0.019694444444444428
2 0.6338697916666667 0.4554722222222222 0.017093750000000085 0.0352962962962963