0 0.336765625 0.14830555555555555 0.015531249999999967 0.035333333333333355
9 0.35146354166666666 0.2128796296296296 0.03156249999999995 0.019592592592592616
8 0.266125 0.3016481481481481 0.045927083333333306 0.17338888888888887
8 0.47229166666666667 0.7272592592592593 0.05344270833333328 0.2075370370370369
3 0.197984375 0.6781203703703704 0.05961979166666668 0.18407407407407403
3 0.12416666666666668 0.6652037037037036 0.08100000000000002 0.20337962962962972
2 0.12333333333333334 0.6392222222222222 0.012526041666666673 0.03147222222222223
2 0.19305729166666669 0.6757407407407408 0.012692708333333335 0.032064814814814914
2 0.30203125 0.46494444444444444 0.010187499999999971 0.026129629629629655
3 0.7526875000000001 0.6917777777777778 0.08050520833333343 0.2505833333333332
2 0.7579583333333333 0.6502129629629629 0.015531250000000085 0.027314814814814816
3 0.310484375 0.5098333333333334 0.04972916666666668 0.22517592592592597
3 0.3392864583333333 0.35821296296296296 0.051296875000000006 0.19625000000000004
3 0.39634375 0.3831296296296296 0.055859375 0.2104629629629629
3 0.4379166666666666 0.44757407407407407 0.0672239583333333 0.21940740740740744
3 0.40768229166666664 0.4271203703703704 0.04710937500000002 0.21102777777777776
3 0.4964635416666667 0.4878796296296296 0.07259895833333327 0.23351851851851857
3 0.44682812499999996 0.47325925925925927 0.05728125000000001 0.2220833333333333
2 0.342625 0.32363888888888886 0.005291666666666709 0.017231481481481493
2 0.39754687499999997 0.35312037037037036 0.00696354166666661 0.020518518518518488