3 0.55390625 0.5805555555555556 0.07239583333333334 0.21296296296296297
3 0.6578125 0.736574074074074 0.06979166666666667 0.22870370370370371
3 0.8208333333333333 0.4634259259259259 0.08645833333333333 0.2175925925925926
3 0.5369791666666667 0.3958333333333333 0.06458333333333334 0.15462962962962962
8 0.1984375 0.663425925925926 0.058333333333333334 0.21388888888888888
3 0.49428645833333335 0.37546296296296294 0.04482812499999997 0.1361111111111111
3 0.43776041666666665 0.37037037037037035 0.05364583333333333 0.17407407407407408
3 0.98125 0.39537037037037037 0.036458333333333336 0.18518518518518517
0 0.4466145833333333 0.4564814814814815 0.015104166666666667 0.025925925925925925
2 0.54765625 0.5398148148148149 0.0067708333333333336 0.024074074074074074
8 0.76328125 0.31805555555555554 0.0453125 0.15648148148148147
9 0.07265625 0.2361111111111111 0.028645833333333332 0.020370370370370372
3 0.81653125 0.3981203703703704 0.049067708333333356 0.18027777777777781