4 0.21713020833333332 0.7277314814814815 0.07953645833333335 0.2023518518518518
2 0.21598958333333332 0.7031481481481481 0.012343750000000023 0.03291666666666662
0 0.24753125 0.710462962962963 0.016911458333333348 0.034537037037037
3 0.2880729166666667 0.5078240740740741 0.0675416666666667 0.22724074074074074
3 0.26667708333333334 0.4078333333333333 0.06404687500000002 0.20523148148148146
3 0.36207291666666663 0.40209259259259256 0.043864583333333346 0.22054629629629635
3 0.38292708333333336 0.42362037037037037 0.05220312500000001 0.20045370370370372
3 0.3904635416666667 0.4941851851851852 0.05758854166666663 0.19423148148148148
3 0.432578125 0.5444166666666667 0.061624999999999965 0.21049999999999996
8 0.4868020833333333 0.7852962962962963 0.06296875000000005 0.18323148148148158
3 0.7026197916666667 0.4147685185185185 0.05328125000000009 0.2191111111111111
3 0.8586979166666667 0.652537037037037 0.06834895833333335 0.22580555555555545
3 0.931625 0.4987314814814815 0.08395833333333323 0.2511574074074074
9 0.3432395833333333 0.21025925925925928 0.038479166666666724 0.02631481481481483
8 0.2669479166666667 0.3076111111111111 0.03982812500000001 0.1865740740740741
2 0.36215625 0.36774074074074076 0.008093749999999981 0.019324074074074077
2 0.6967916666666666 0.38258333333333333 0.0077395833333333995 0.017407407407407365