4 0.225125 0.7533888888888889 0.09714583333333332 0.20639814814814822
0 0.26016666666666666 0.6812037037037038 0.022255208333333342 0.04063888888888898
9 0.33635937499999996 0.2107314814814815 0.037010416666666636 0.030055555555555537
8 0.26271875 0.31310185185185185 0.04227083333333332 0.1933703703703704
3 0.302921875 0.39475 0.05053645833333332 0.17900925925925928
3 0.2900520833333333 0.5029629629629631 0.057859374999999984 0.2190833333333334
3 0.35946874999999995 0.41312037037037036 0.05015624999999998 0.21307407407407408
3 0.38238541666666664 0.4436851851851851 0.06481250000000002 0.2073981481481481
3 0.39346875000000003 0.5111388888888888 0.05842187500000004 0.20338888888888892
3 0.45725 0.5480462962962963 0.07890104166666667 0.21307407407407414
8 0.4943489583333333 0.7945185185185185 0.07157291666666671 0.16765740740740734
3 0.71921875 0.41495370370370366 0.06563541666666665 0.231287037037037
3 0.881546875 0.6582777777777779 0.09006770833333325 0.23442592592592598
3 0.9601354166666667 0.5120185185185185 0.05886979166666677 0.26215740740740745
2 0.21751041666666668 0.7269907407407408 0.014197916666666663 0.029499999999999908
2 0.7190520833333333 0.3782314814814815 0.008541666666666715 0.020453703703703734