0 0.245921875 0.22516666666666668 0.017020833333333308 0.029712962962962993
9 0.2699375 0.24065740740740743 0.03500520833333335 0.025694444444444443
8 0.21710937500000002 0.36812962962962964 0.04881770833333334 0.21097222222222226
3 0.24055208333333333 0.48174999999999996 0.061020833333333344 0.2429444444444445
3 0.2995677083333333 0.4512037037037037 0.05090625000000001 0.21953703703703706
3 0.38813020833333334 0.3861111111111111 0.047854166666666725 0.21039814814814817
3 0.45460937500000004 0.3026111111111111 0.054276041666666684 0.216962962962963
3 0.409359375 0.6607222222222222 0.054703124999999984 0.30385185185185193
8 0.26023437499999996 0.8508333333333332 0.0593385416666667 0.2818703703703703
3 0.17354166666666665 0.7186851851851851 0.09920833333333334 0.29011111111111104
3 0.13985416666666667 0.6826944444444444 0.083140625 0.24670370370370376
3 0.4691666666666666 0.7991851851851852 0.07541145833333332 0.3434074074074073
3 0.721828125 0.41703703703703704 0.05038020833333334 0.23846296296296293
3 0.8388125 0.3961574074074074 0.05439583333333336 0.2406574074074075
2 0.46008333333333334 0.71925 0.015374999999999991 0.034425925925925985
2 0.40018750000000003 0.5962685185185186 0.017770833333333277 0.03549074074074067
2 0.169296875 0.6532407407407408 0.011979166666666667 0.03300925925925934
2 0.456 0.275537037037037 0.01353125000000001 0.016898148148148148
2 0.718359375 0.3739074074074074 0.004244791666666714 0.01675000000000003
2 0.8391093749999999 0.36110185185185184 0.0075677083333334375 0.01781481481481482