3 0.21417187499999998 0.7852685185185185 0.10748958333333333 0.21485185185185182
3 0.3074895833333333 0.5281111111111111 0.07486458333333333 0.2158055555555555
3 0.3481302083333333 0.4045185185185185 0.052406250000000064 0.23291666666666663
3 0.36577604166666666 0.4432592592592593 0.06523958333333332 0.24004629629629629
3 0.41364062500000004 0.4677407407407408 0.05829166666666671 0.2110555555555555
3 0.426875 0.5673240740740741 0.06925000000000002 0.23339814814814808
3 0.49305208333333334 0.5723148148148148 0.05561458333333332 0.23006481481481483
8 0.524734375 0.8263888888888888 0.0633697916666667 0.11646296296296293
3 0.7788854166666667 0.4294722222222222 0.09144270833333341 0.21818518518518518
3 0.9473333333333334 0.6638240740740741 0.08716666666666674 0.22674074074074063
8 0.247328125 0.3244259259259259 0.05829166666666667 0.1963148148148148
9 0.30949479166666666 0.2238888888888889 0.036098958333333306 0.023768518518518533
2 0.3040729166666667 0.49382407407407414 0.011057291666666675 0.02815740740740748
2 0.21957291666666665 0.7578703703703704 0.014791666666666654 0.031342592592592505
2 0.50265625 0.5300833333333334 0.010161458333333328 0.030546296296296304
0 0.3211354166666667 0.4708981481481481 0.018583333333333365 0.03432407407407412