3 0.6981770833333333 0.5902777777777778 0.0828125 0.2712962962962963
3 0.22838541666666667 0.6791666666666667 0.0796875 0.26944444444444443
3 0.045572916666666664 0.7731481481481481 0.06614583333333333 0.31666666666666665
3 0.6166666666666667 0.29444444444444445 0.052083333333333336 0.2111111111111111
3 0.14609375 0.5291666666666667 0.0484375 0.25092592592592594
8 0.37942708333333336 0.30324074074074076 0.0421875 0.19722222222222222
3 0.6557291666666667 0.3314814814814815 0.06145833333333333 0.21296296296296297
3 0.32526041666666666 0.3162037037037037 0.03802083333333333 0.30092592592592593
2 0.7044270833333334 0.5300925925925926 0.021354166666666667 0.028703703703703703
8 0.2752604166666667 0.887962962962963 0.050520833333333334 0.22407407407407406
3 0.36015625 0.3388888888888889 0.06510416666666667 0.27037037037037037
2 0.6098958333333333 0.26296296296296295 0.008333333333333333 0.020370370370370372
2 0.030989583333333334 0.7069444444444445 0.011979166666666667 0.032407407407407406
3 0.7622395833333333 0.5972222222222222 0.08489583333333334 0.2518518518518518
2 0.2390625 0.6083333333333333 0.013541666666666667 0.025925925925925925
9 0.7505208333333333 0.24861111111111112 0.036458333333333336 0.021296296296296296
2 0.7770833333333333 0.5481481481481482 0.009375 0.03148148148148148
2 0.13411458333333334 0.47175925925925927 0.0067708333333333336 0.026851851851851852
0 0.42428645833333334 0.009027777777777777 0.023302083333333338 0.018046296296296293
3 0.7117916666666667 0.5500555555555555 0.0857083333333333 0.26693518518518516
2 0.3455833333333333 0.32849074074074075 0.0066250000000000146 0.02675925925925924
2 0.7214479166666667 0.4850462962962963 0.011468749999999991 0.029462962962962958