3 0.7036458333333333 0.6652777777777777 0.08541666666666667 0.2101851851851852
3 0.34375 0.6273148148148148 0.06979166666666667 0.20092592592592592
3 0.5682291666666667 0.41805555555555557 0.05416666666666667 0.21574074074074073
3 0.7808802083333333 0.5569444444444445 0.07156770833333326 0.23425925925925925
8 0.34401041666666665 0.3731481481481482 0.0453125 0.17222222222222222
3 0.18958333333333333 0.8398148148148148 0.058333333333333334 0.2611111111111111
3 0.8557291666666667 0.7620370370370371 0.05 0.2518518518518518
3 0.5557291666666667 0.3421296296296296 0.040625 0.19166666666666668
8 0.33908854166666663 0.8189814814814815 0.03754687499999996 0.12129629629629629
3 0.23944791666666668 0.4435833333333333 0.08030208333333337 0.20277777777777772
2 0.5768229166666666 0.36527777777777776 0.0140625 0.023148148148148147
0 0.40911458333333334 0.018055555555555554 0.016145833333333335 0.026851851851851852
2 0.18671875 0.7870370370370371 0.0171875 0.03148148148148148
2 0.7825520833333334 0.5041666666666667 0.011979166666666667 0.023148148148148147
8 0.9828125 0.6611111111111111 0.034375 0.22592592592592592
2 0.8505208333333333 0.7129629629629629 0.011458333333333333 0.027777777777777776
2 0.3385416666666667 0.5925925925925926 0.007291666666666667 0.014814814814814815
9 0.7255208333333333 0.30324074074074076 0.03125 0.017592592592592594
2 0.55703125 0.3101851851851852 0.0067708333333333336 0.016666666666666666
2 0.7002604166666667 0.6347222222222222 0.009895833333333333 0.021296296296296296
3 0.2634947916666667 0.435037037037037 0.04294270833333333 0.1975092592592593
3 0.7613697916666666 0.5572314814814814 0.036119791666666616 0.2029444444444445