3 0.475 0.3824074074074074 0.052083333333333336 0.21296296296296297
3 0.41354166666666664 0.32175925925925924 0.046875 0.20092592592592592
8 0.59921875 0.8462962962962963 0.0578125 0.3074074074074074
8 0.0234375 0.34444444444444444 0.04583333333333333 0.2037037037037037
8 0.70234375 0.3763888888888889 0.04010416666666667 0.20462962962962963
3 0.6127604166666667 0.47453703703703703 0.06927083333333334 0.2490740740740741
3 0.15182291666666667 0.4740740740740741 0.0515625 0.21481481481481482
3 0.30234375 0.5143518518518518 0.050520833333333334 0.21388888888888888
3 0.42591666666666667 0.7735925925925926 0.07970312499999999 0.3063055555555555
3 0.31979166666666664 0.4324074074074074 0.040625 0.21666666666666667
3 0.13489583333333333 0.39490740740740743 0.05 0.2101851851851852
3 0.58828125 0.4439814814814815 0.0546875 0.23425925925925925
2 0.4125 0.2861111111111111 0.013541666666666667 0.020370370370370372
0 0.5375 0.15046296296296297 0.019791666666666666 0.03425925925925926
2 0.31796875 0.3976851851851852 0.008854166666666666 0.019444444444444445
2 0.42083333333333334 0.7546296296296297 0.013541666666666667 0.03148148148148148
2 0.596875 0.41064814814814815 0.010416666666666666 0.025
9 0.63203125 0.24305555555555555 0.034895833333333334 0.023148148148148147
2 0.15989583333333332 0.43425925925925923 0.009375 0.022222222222222223
2 0.3140625 0.46574074074074073 0.009375 0.025925925925925925
2 0.46901041666666665 0.350462962962963 0.008854166666666666 0.021296296296296296
3 0.44610416666666663 0.7478425925925926 0.06774999999999996 0.2735370370370371
2 0.13468750000000002 0.3560277777777778 0.009343750000000014 0.019203703703703712