3 0.69040625 0.8243888888888888 0.060666666666666674 0.2733055555555555
3 0.5848333333333334 0.5805833333333333 0.06940104166666666 0.27263888888888893
3 0.3808697916666667 0.43999074074074074 0.054140625000000026 0.2139814814814815
3 0.278328125 0.5801759259259259 0.06646354166666664 0.22448148148148153
8 0.47491145833333337 0.8960648148148148 0.04886979166666663 0.20787037037037037
3 0.12447395833333334 0.3931574074074074 0.05743749999999999 0.2216111111111111
3 0.6611197916666666 0.6713888888888889 0.03934895833333343 0.24263888888888885
3 0.515375 0.3662037037037037 0.04056770833333333 0.22333333333333338
3 0.04102083333333333 0.6901111111111111 0.054291666666666655 0.25262962962962954
8 0.6473020833333333 0.3443703703703704 0.038791666666666676 0.15289814814814814
8 0.09824999999999999 0.3500925925925926 0.04716666666666667 0.2025092592592593
3 0.47400520833333337 0.8047962962962962 0.05198437499999997 0.2749444444444445
0 0.6011666666666666 0.1247037037037037 0.01701041666666659 0.030638888888888906
2 0.58040625 0.5168518518518519 0.01111979166666662 0.028046296296296264
2 0.6895208333333334 0.767 0.01256770833333339 0.029157407407407417
2 0.46039583333333334 0.7505370370370371 0.01121874999999998 0.031092592592592526
9 0.6191302083333333 0.2738240740740741 0.034828124999999946 0.023037037037037033
2 0.6647604166666666 0.6246203703703704 0.011239583333333296 0.02920370370370367
2 0.2634739583333333 0.5375092592592593 0.008499999999999997 0.02585185185185192
2 0.12589583333333335 0.34898148148148145 0.013130208333333322 0.018694444444444496
2 0.5913802083333334 0.23586111111111113 0.010390624999999905 0.02061111111111113
2 0.5143645833333333 0.3345925925925926 0.006489583333333352 0.019694444444444428
3 0.5868854166666666 0.27935185185185185 0.061203125000000115 0.20094444444444443
2 0.045203125000000004 0.6366944444444445 0.007453125000000001 0.024398148148148065