3 0.25755208333333335 0.6171296296296296 0.06614583333333333 0.25462962962962965
3 0.38578125 0.601287037037037 0.06768229166666669 0.23170370370370372
3 0.9197916666666667 0.5407407407407407 0.052083333333333336 0.2537037037037037
3 0.5848958333333333 0.4861111111111111 0.07083333333333333 0.21851851851851853
3 0.19669270833333333 0.7160925925925926 0.06433854166666665 0.23819444444444443
8 0.7036458333333333 0.28935185185185186 0.0375 0.18055555555555555
3 0.4461822916666666 0.5232222222222223 0.10065104166666666 0.1930277777777778
3 0.41769270833333333 0.3786203703703704 0.04672916666666668 0.1368148148148148
8 0.75078125 0.8240740740740741 0.06302083333333333 0.23333333333333334
8 0.12265625 0.5898148148148148 0.03177083333333333 0.22407407407407406
3 0.7841145833333333 0.3351851851851852 0.0453125 0.2
3 0.4691197916666667 0.4841388888888889 0.06030208333333332 0.19951851851851854
2 0.3885416666666667 0.5541666666666667 0.016666666666666666 0.026851851851851852
0 0.37758854166666667 0.19596296296296295 0.01509375000000001 0.026861111111111103
9 0.35467708333333337 0.22743518518518518 0.030307291666666694 0.01611111111111109
2 0.41875 0.3787037037037037 0.009375 0.020370370370370372
2 0.4791666666666667 0.4476851851851852 0.011458333333333333 0.026851851851851852
2 0.78125 0.29583333333333334 0.00625 0.017592592592592594
2 0.24947916666666667 0.5564814814814815 0.009375 0.025925925925925925
2 0.18541666666666667 0.675 0.009375 0.03148148148148148
3 0.7633385416666666 0.7826851851851852 0.12080729166666657 0.1158611111111112
2 0.43241666666666667 0.49098148148148146 0.008276041666666718 0.012435185185185244