3 0.352875 0.3584814814814815 0.04081770833333328 0.18324074074074073
3 0.336984375 0.4293333333333334 0.05032291666666661 0.1932870370370371
3 0.28049479166666663 0.6795 0.09041666666666665 0.23310185185185187
3 0.22249479166666666 0.8635277777777778 0.08000520833333334 0.25830555555555557
3 0.4154791666666667 0.6916666666666667 0.06143229166666669 0.29283333333333333
8 0.534375 0.8712962962962963 0.075 0.2574074074074074
3 0.5888541666666666 0.48897222222222225 0.08615625000000003 0.18439814814814817
3 0.77840625 0.4090185185185185 0.043723958333333236 0.20280555555555552
3 0.742734375 0.671574074074074 0.04508854166666675 0.2448333333333334
3 0.7321927083333333 0.6795648148148148 0.0906979166666666 0.24480555555555564
8 0.6455572916666666 0.3293888888888889 0.04617708333333326 0.18253703703703703
9 0.26344791666666667 0.2886759259259259 0.03339062500000001 0.022111111111111106
0 0.45465104166666664 0.10697222222222222 0.015656249999999972 0.03169444444444445
2 0.4186197916666667 0.6205555555555556 0.011354166666666643 0.030101851851851845
3 0.4366875 0.6508055555555555 0.04229687500000002 0.16826851851851854
2 0.7808802083333333 0.3785925925925926 0.008072916666666667 0.021861111111111123
2 0.326171875 0.38664814814814813 0.010718749999999963 0.029361111111111143
2 0.257140625 0.6241851851851852 0.009317708333333325 0.02941666666666665
2 0.34959375000000004 0.33499074074074076 0.007010416666666686 0.016462962962962936
2 0.43845833333333334 0.6166203703703704 0.012973958333333376 0.029962962962962872
2 0.7204166666666667 0.6231851851851852 0.022104166666666696 0.031314814814814754