3 0.3484375 0.6375 0.071875 0.19722222222222222
3 0.7473958333333334 0.6662037037037037 0.053125 0.21944444444444444
3 0.5682291666666667 0.3638888888888889 0.059375 0.1925925925925926
3 0.8598958333333333 0.7416666666666667 0.05625 0.2537037037037037
8 0.34479166666666666 0.8018518518518518 0.04791666666666667 0.1574074074074074
8 0.3541666666666667 0.3726851851851852 0.040625 0.1712962962962963
3 0.19192708333333333 0.836574074074074 0.0546875 0.25833333333333336
3 0.7302239583333333 0.5470092592592593 0.04066145833333342 0.18474999999999997
3 0.5703125 0.4212962962962963 0.04479166666666667 0.21296296296296297
3 0.19827083333333334 0.41898148148148145 0.05472916666666669 0.20462962962962963
8 0.9880208333333333 0.6689814814814815 0.023958333333333335 0.21203703703703702
2 0.20625 0.38055555555555554 0.013541666666666667 0.018518518518518517
2 0.18723958333333332 0.7861111111111111 0.015104166666666667 0.03148148148148148
2 0.7583333333333333 0.5217592592592593 0.0125 0.021296296296296296
0 0.5744791666666667 0.04398148148148148 0.017708333333333333 0.032407407407407406
2 0.8580729166666666 0.6907407407407408 0.0109375 0.027777777777777776
9 0.725 0.3037037037037037 0.03229166666666667 0.016666666666666666
2 0.58203125 0.3731481481481482 0.011979166666666667 0.022222222222222223
2 0.7544270833333333 0.6259259259259259 0.008854166666666666 0.020370370370370372
3 0.2338125 0.466712962962963 0.029953124999999994 0.09805555555555553
3 0.7761354166666667 0.5620648148148147 0.07878645833333332 0.20862962962962958
2 0.3602135416666667 0.6056666666666667 0.00809895833333331 0.017194444444444384