3 0.05286458333333333 0.7685185185185185 0.0671875 0.31851851851851853
3 0.6549479166666666 0.3175925925925926 0.05677083333333333 0.21481481481481482
3 0.6973958333333333 0.5912037037037037 0.08645833333333333 0.27314814814814814
3 0.21432291666666667 0.700925925925926 0.07239583333333334 0.2759259259259259
8 0.26953125 0.8875 0.05260416666666667 0.225
3 0.75 0.5888888888888889 0.07708333333333334 0.2574074074074074
3 0.15364583333333334 0.5259259259259259 0.041666666666666664 0.25555555555555554
5 0.31744791666666666 0.30092592592592593 0.04635416666666667 0.3
8 0.3776041666666667 0.30648148148148147 0.041666666666666664 0.2037037037037037
2 0.6947916666666667 0.5333333333333333 0.021875 0.03148148148148148
2 0.03958333333333333 0.700925925925926 0.0125 0.03148148148148148
7 0.36276041666666664 0.3578703703703704 0.06302083333333333 0.27870370370370373
2 0.6216145833333333 0.26157407407407407 0.0078125 0.019444444444444445
2 0.21145833333333333 0.6342592592592593 0.011458333333333333 0.02962962962962963
2 0.35260416666666666 0.350462962962963 0.008333333333333333 0.025
0 0.3611979166666667 0.09814814814814815 0.0171875 0.03148148148148148
9 0.75078125 0.24814814814814815 0.03697916666666667 0.020370370370370372
2 0.7716145833333333 0.538425925925926 0.0109375 0.032407407407407406
3 0.6221354166666667 0.29444444444444445 0.04739583333333333 0.2111111111111111
2 0.1453125 0.46574074074074073 0.008333333333333333 0.027777777777777776
2 0.7200520833333334 0.4861111111111111 0.0109375 0.03148148148148148
3 0.7123854166666667 0.5498518518518519 0.08415104166666675 0.2655092592592593