3 0.26836979166666663 0.49642592592592594 0.06031249999999998 0.2267222222222222
3 0.5190885416666667 0.5236759259259259 0.08294270833333339 0.25553703703703706
3 0.40531770833333336 0.7369814814814816 0.06319791666666662 0.26339814814814816
3 0.05591145833333333 0.5927962962962964 0.05177083333333334 0.24260185185185185
3 0.6669166666666667 0.606574074074074 0.03626562500000006 0.2275092592592593
8 0.5108802083333334 0.8332129629629629 0.05920833333333337 0.26504629629629617
3 0.714046875 0.7698796296296296 0.054625000000000055 0.26338888888888895
3 0.3583385416666667 0.3643611111111111 0.0460052083333333 0.2105462962962963
8 0.10811458333333333 0.2909351851851852 0.037635416666666664 0.19471296296296292
8 0.6560729166666667 0.2945277777777778 0.03821875000000006 0.14865740740740743
3 0.15802604166666667 0.3155555555555556 0.03428125000000003 0.20885185185185187
3 0.5232239583333333 0.3346296296296296 0.03952083333333327 0.2053148148148148
5 0.5527239583333333 0.22583333333333333 0.03931770833333328 0.2501851851851852
2 0.2713177083333333 0.4518240740740741 0.010765625000000008 0.026064814814814794
9 0.6301822916666667 0.2197685185185185 0.033624999999999974 0.02338888888888888
2 0.35146875000000005 0.32289814814814816 0.009135416666666648 0.0227777777777778
0 0.5648697916666666 0.04917592592592593 0.015317708333333258 0.028675925925925924
2 0.5230260416666667 0.45858333333333334 0.009640624999999995 0.026648148148148122
2 0.5160520833333334 0.28821296296296295 0.008468749999999995 0.021361111111111157
2 0.7175625 0.712675925925926 0.00838020833333341 0.029870370370370363
2 0.165015625 0.2716388888888889 0.010203125000000016 0.020694444444444467