3 0.3953125 0.36898148148148147 0.058333333333333334 0.18425925925925926
3 0.2520833333333333 0.6027777777777777 0.10208333333333333 0.23333333333333334
3 0.3033854166666667 0.2847222222222222 0.06927083333333334 0.15648148148148147
8 0.5369791666666667 0.8097222222222222 0.046875 0.20833333333333334
8 0.6630208333333333 0.34120370370370373 0.03333333333333333 0.18611111111111112
8 0.0375 0.3398148148148148 0.036458333333333336 0.17777777777777778
3 0.346875 0.5435185185185185 0.06041666666666667 0.20185185185185187
3 0.45989583333333334 0.4976851851851852 0.078125 0.225
3 0.5552083333333333 0.7638888888888888 0.07604166666666666 0.2222222222222222
3 0.6192708333333333 0.5263888888888889 0.04895833333333333 0.18425925925925926
3 0.6411458333333333 0.6523148148148148 0.05 0.23796296296296296
3 0.6192708333333333 0.6425925925925926 0.06145833333333333 0.2111111111111111
2 0.334375 0.5050925925925925 0.008333333333333333 0.023148148148148147
2 0.4640625 0.4449074074074074 0.009375 0.023148148148148147
9 0.6140625 0.2324074074074074 0.03125 0.020370370370370372
3 0.3460260416666667 0.4976851851851852 0.05914583333333331 0.16454629629629633
2 0.640046875 0.6069814814814815 0.008031250000000038 0.01929629629629622
2 0.5505364583333333 0.7244166666666667 0.009885416666666676 0.028953703703703686