8 0.023177083333333334 0.33194444444444443 0.04635416666666667 0.19166666666666668
3 0.3111979166666667 0.5217592592592593 0.10677083333333333 0.22870370370370371
3 0.28854166666666664 0.7407407407407407 0.07291666666666667 0.2814814814814815
8 0.59921875 0.7703703703703704 0.04635416666666667 0.18888888888888888
8 0.7809895833333333 0.36157407407407405 0.0453125 0.1935185185185185
3 0.74609375 0.6152777777777778 0.058854166666666666 0.23425925925925925
3 0.3575520833333333 0.38935185185185184 0.0484375 0.2101851851851852
3 0.60078125 0.36203703703703705 0.0390625 0.19074074074074074
3 0.30078125 0.32222222222222224 0.06614583333333333 0.19074074074074074
3 0.42161458333333335 0.6435185185185185 0.0671875 0.24074074074074073
3 0.6026041666666667 0.2824074074074074 0.041666666666666664 0.16296296296296298
4 0.18776041666666668 0.5074074074074074 0.049479166666666664 0.2796296296296296
3 0.8307291666666666 0.7189814814814814 0.0625 0.20833333333333334
2 0.8390625 0.6967592592592593 0.0125 0.028703703703703703
0 0.19244791666666666 0.3851851851851852 0.0171875 0.03148148148148148
2 0.74140625 0.5708333333333333 0.009895833333333333 0.023148148148148147
2 0.28177083333333336 0.6805555555555556 0.0125 0.02962962962962963
9 0.7302083333333333 0.22546296296296298 0.03229166666666667 0.019444444444444445
2 0.3625 0.34120370370370373 0.009375 0.021296296296296296
2 0.175 0.47129629629629627 0.008333333333333333 0.024074074074074074
2 0.6072916666666667 0.26342592592592595 0.007291666666666667 0.01574074074074074