3 0.21052604166666666 0.645212962962963 0.06391145833333335 0.28325000000000006
3 0.21670833333333334 0.6320555555555556 0.06856770833333332 0.21011111111111117
3 0.3123333333333333 0.4964537037037037 0.04592708333333337 0.23237962962962966
3 0.24424479166666666 0.35970370370370375 0.06840625000000002 0.1849907407407407
8 0.26560416666666664 0.2986111111111111 0.03982291666666666 0.174712962962963
3 0.37271354166666665 0.4170833333333333 0.03693229166666671 0.20725925925925928
3 0.3686979166666667 0.37725925925925924 0.05267187499999994 0.21097222222222226
3 0.402421875 0.4370740740740741 0.05331249999999995 0.21753703703703697
3 0.535703125 0.4363611111111111 0.07129687499999994 0.20354629629629628
3 0.6598333333333334 0.5020185185185184 0.07483333333333325 0.23324074074074078
3 0.7358697916666667 0.6875833333333333 0.04544270833333333 0.2537962962962964
9 0.3530416666666667 0.2105462962962963 0.03227604166666668 0.019129629629629653
2 0.20813541666666666 0.6465648148148148 0.010041666666666652 0.026898148148148105
8 0.45930208333333333 0.7262962962962963 0.054854166666666634 0.16767592592592584
2 0.74596875 0.6393240740740741 0.007598958333333409 0.03006481481481484
0 0.26551041666666664 0.17696296296296296 0.01680208333333333 0.03022222222222221
2 0.372734375 0.38608333333333333 0.007010416666666686 0.019861111111111152
2 0.5359479166666666 0.40669444444444447 0.006218750000000028 0.017888888888888937