3 0.12966666666666668 0.6636111111111112 0.07600000000000001 0.20304629629629625
3 0.19430729166666666 0.6839722222222223 0.05238541666666669 0.20452777777777767
8 0.47130729166666663 0.7260277777777778 0.06056770833333332 0.21095370370370364
8 0.266 0.3008240740740741 0.04944270833333337 0.1656851851851852
3 0.7485833333333333 0.6899259259259259 0.069671875 0.24742592592592594
3 0.5144427083333334 0.49113888888888885 0.10728645833333328 0.23245370370370366
3 0.46327083333333335 0.4603611111111111 0.06130729166666669 0.2157870370370371
3 0.3986458333333333 0.4298240740740741 0.03885416666666662 0.20827777777777773
3 0.42626041666666664 0.443962962962963 0.05354687499999997 0.22748148148148153
3 0.3963645833333333 0.3818333333333333 0.05586458333333333 0.20949074074074073
3 0.31315624999999997 0.5077962962962963 0.05219270833333335 0.22251851851851845
3 0.33031770833333335 0.35125925925925927 0.04737500000000002 0.18611111111111112
2 0.302953125 0.4667314814814814 0.012609375000000018 0.026370370370370336
2 0.19171354166666665 0.6658148148148149 0.009640624999999995 0.029009259259259193
2 0.13028125 0.6337314814814814 0.011369791666666674 0.029888888888888864
2 0.7516406250000001 0.6477962962962963 0.01310416666666659 0.026370370370370388
9 0.35128645833333333 0.21249074074074076 0.03312499999999995 0.022416666666666647
0 0.3260677083333333 0.12195370370370372 0.016317708333333295 0.025925925925925925
2 0.33157291666666666 0.32137037037037036 0.005770833333333295 0.01778703703703707
2 0.39371875 0.3507222222222222 0.008463541666666666 0.020509259259259238