8 0.7127604166666667 0.8013888888888889 0.0546875 0.15833333333333333
3 0.5309895833333333 0.7851851851851852 0.05677083333333333 0.19074074074074074
3 0.5721354166666667 0.5615740740740741 0.06927083333333334 0.24722222222222223
3 0.6622395833333333 0.4111111111111111 0.0484375 0.21481481481481482
8 0.8588541666666667 0.39490740740740743 0.04791666666666667 0.18981481481481483
3 0.7161458333333334 0.3851851851851852 0.04583333333333333 0.17037037037037037
3 0.17682291666666666 0.7138888888888889 0.0609375 0.26851851851851855
3 0.67734375 0.6722222222222223 0.059895833333333336 0.23703703703703705
3 0.29375 0.46064814814814814 0.04375 0.20462962962962963
8 0.17005208333333333 0.3541666666666667 0.0578125 0.1935185185185185
3 0.47604166666666664 0.5055555555555555 0.041666666666666664 0.2388888888888889
3 0.1671875 0.5009259259259259 0.036458333333333336 0.23703703703703705
2 0.1671875 0.6569444444444444 0.017708333333333333 0.032407407407407406
3 0.23307291666666666 0.4351851851851852 0.0390625 0.26296296296296295
2 0.5330729166666667 0.7777777777777778 0.0140625 0.027777777777777776
2 0.72109375 0.36342592592592593 0.0078125 0.013888888888888888
2 0.66328125 0.3699074074074074 0.0067708333333333336 0.017592592592592594
2 0.6809895833333334 0.6296296296296297 0.009895833333333333 0.027777777777777776
9 0.7901041666666667 0.27870370370370373 0.03333333333333333 0.020370370370370372
2 0.5671875 0.5101851851851852 0.013541666666666667 0.025925925925925925
0 0.7986770833333333 0.2870925925925926 0.016203125000000065 0.030324074074074073
1 0.7901927083333333 0.2972314814814815 0.033359375000000094 0.059157407407407395
2 0.22204166666666666 0.4061574074074074 0.008156249999999983 0.02300000000000003