8 0.81875 0.8851851851851852 0.06458333333333334 0.22962962962962963
8 0.7526041666666666 0.2833333333333333 0.04479166666666667 0.2111111111111111
3 0.37890625 0.44722222222222224 0.07552083333333333 0.2722222222222222
3 0.32734375 0.7490740740740741 0.06510416666666667 0.26296296296296295
3 0.4713541666666667 0.5152777777777777 0.04791666666666667 0.27685185185185185
3 0.7130208333333333 0.7560185185185185 0.0625 0.24722222222222223
8 0.06875 0.6319444444444444 0.040625 0.2675925925925926
3 0.3018177083333333 0.4925462962962963 0.05365104166666666 0.3038055555555556
0 0.31953125 0.19074074074074074 0.018229166666666668 0.03148148148148148
2 0.7174479166666666 0.7083333333333334 0.009895833333333333 0.03148148148148148
2 0.3768229166666667 0.40046296296296297 0.009895833333333333 0.023148148148148147
9 0.3419270833333333 0.2101851851851852 0.034895833333333334 0.024074074074074074
2 0.3177083333333333 0.7138888888888889 0.0125 0.03518518518518519
2 0.32005208333333335 0.43703703703703706 0.008854166666666666 0.027777777777777776
3 0.99140625 0.399537037037037 0.0171875 0.1935185185185185
2 0.48385416666666664 0.44675925925925924 0.009375 0.026851851851851852
3 0.3032291666666667 0.4701203703703704 0.05721874999999995 0.28315740740740736
3 0.32313020833333334 0.4521388888888889 0.05634895833333336 0.3196666666666667
3 0.3889166666666667 0.4357037037037037 0.04669791666666671 0.26998148148148154