3 0.9002604166666667 0.6412037037037037 0.0515625 0.23796296296296296
3 0.42994791666666665 0.7648148148148148 0.07447916666666667 0.23148148148148148
3 0.6653645833333334 0.6171296296296296 0.049479166666666664 0.2324074074074074
3 0.427734375 0.5198796296296296 0.0639947916666666 0.2165370370370371
3 0.47760416666666666 0.3592592592592593 0.05 0.17962962962962964
8 0.7315104166666667 0.35833333333333334 0.0421875 0.17592592592592593
3 0.38380729166666666 0.5510092592592593 0.0333645833333333 0.2186944444444445
3 0.3341145833333333 0.7037685185185185 0.05572916666666667 0.2593796296296295
2 0.42291666666666666 0.7291666666666666 0.014583333333333334 0.030555555555555555
0 0.46770833333333334 0.032407407407407406 0.015625 0.027777777777777776
8 0.06380208333333333 0.6708333333333333 0.0484375 0.22870370370370371
8 0.7846354166666667 0.8782407407407408 0.0484375 0.2064814814814815
2 0.9010416666666666 0.5976851851851852 0.0125 0.026851851851851852
2 0.38776041666666666 0.49953703703703706 0.009895833333333333 0.025
9 0.328125 0.2916666666666667 0.03125 0.020370370370370372
2 0.32421875 0.6370370370370371 0.008854166666666666 0.02962962962962963
2 0.66875 0.5689814814814815 0.008333333333333333 0.025
3 0.5359375 0.3486111111111111 0.041666666666666664 0.19907407407407407
2 0.48515625 0.32222222222222224 0.0067708333333333336 0.022222222222222223
3 0.38515625 0.42083333333333334 0.04010416666666667 0.14166666666666666
3 0.38760937500000003 0.5242037037037037 0.08619270833333334 0.22337037037037039
2 0.5397395833333333 0.3294259259259259 0.006046875000000066 0.019046296296296342