3 0.20556770833333332 0.41625925925925933 0.067125 0.22156481481481483
3 0.7123958333333333 0.5908055555555556 0.04401041666666667 0.23402777777777778
3 0.2831458333333333 0.651287037037037 0.05195833333333333 0.2455370370370371
8 0.5717083333333334 0.8175092592592592 0.050312499999999954 0.26525000000000004
3 0.8197552083333334 0.7045740740740741 0.06065104166666657 0.1840277777777778
3 0.07406249999999999 0.4347314814814815 0.050875000000000004 0.21735185185185185
8 0.16106770833333334 0.2582037037037037 0.049703125000000035 0.18980555555555556
3 0.289203125 0.24583333333333332 0.04782812499999999 0.22253703703703706
3 0.41372395833333336 0.4888703703703704 0.0405885416666667 0.26892592592592596
3 0.5154479166666667 0.2669722222222222 0.04795833333333335 0.2599722222222222
3 0.4902916666666667 0.29825 0.08347916666666665 0.2036296296296296
3 0.37300520833333334 0.2820462962962963 0.04597395833333332 0.2012314814814815
8 0.721609375 0.2635462962962963 0.032437500000000105 0.14176851851851854
2 0.417375 0.42430555555555555 0.01015625 0.028120370370370375
9 0.7080625 0.18369444444444444 0.03380208333333338 0.02178703703703701
2 0.3789166666666667 0.24908333333333332 0.010973958333333301 0.02477777777777777
2 0.20894270833333334 0.37169444444444444 0.008531249999999997 0.024324074074074057
2 0.07555208333333334 0.3965740740740741 0.009322916666666655 0.021861111111111123
2 0.8188229166666667 0.6952777777777778 0.009520833333333438 0.029611111111111126
2 0.522453125 0.2298148148148148 0.01029687499999999 0.026898148148148133
0 0.3830572916666667 0.03392592592592593 0.017312500000000005 0.031166666666666662
2 0.4825416666666667 0.27481481481481485 0.00824479166666663 0.02163888888888889