3 0.9765625 0.861574074074074 0.046875 0.2675925925925926
3 0.8190104166666666 0.5666666666666667 0.058854166666666666 0.2851851851851852
3 0.8567708333333334 0.8217592592592593 0.103125 0.3101851851851852
8 0.4393229166666667 0.9166666666666666 0.05572916666666667 0.16666666666666666
8 0.28098958333333335 0.3736111111111111 0.0453125 0.20277777777777778
3 0.265625 0.55 0.07916666666666666 0.24074074074074073
6 0.29401041666666666 0.4648148148148148 0.10989583333333333 0.35185185185185186
3 0.37395833333333334 0.5037037037037037 0.06666666666666667 0.26666666666666666
3 0.43333333333333335 0.5851851851851851 0.06875 0.2518518518518518
3 0.3841145833333333 0.7699074074074074 0.0640625 0.28425925925925927
3 0.7479166666666667 0.39814814814814814 0.0625 0.24814814814814815
2 0.8464479166666667 0.762287037037037 0.02669791666666678 0.042629629629629594
2 0.9916979166666666 0.8378796296296296 0.016598958333333278 0.03911111111111112
2 0.3875 0.7209722222222222 0.015572916666666714 0.03911111111111112
9 0.32314062499999996 0.2850185185185185 0.043067708333333364 0.03814814814814819
2 0.747890625 0.3629537037037037 0.008078125000000113 0.020555555555555598
2 0.31302604166666664 0.4365555555555556 0.016000000000000014 0.02926851851851853
2 0.43597395833333336 0.538675925925926 0.006229166666666686 0.030731481481481533
2 0.36666666666666664 0.45242592592592595 0.007750000000000057 0.02381481481481484
2 0.804671875 0.5066018518518518 0.012880208333333342 0.026037037037036935