6 0.21784375 0.37033333333333335 0.05298437500000001 0.25275925925925935
8 0.15113541666666666 0.36118518518518516 0.043072916666666676 0.1856759259259259
8 0.26225 0.7779444444444444 0.053364583333333354 0.21955555555555567
8 0.7370052083333333 0.3428888888888889 0.04993229166666661 0.1734814814814815
3 0.08080729166666667 0.5610925925925926 0.060989583333333326 0.22226851851851848
3 0.2599635416666667 0.5160277777777778 0.047265625 0.21075000000000008
3 0.29026562499999997 0.4482685185185185 0.06136979166666666 0.22700925925925927
3 0.384796875 0.30188888888888893 0.04459895833333339 0.18093518518518514
3 0.5378437500000001 0.5715925925925927 0.03888020833333338 0.24599074074074082
3 0.6196041666666667 0.4648703703703703 0.04307291666666657 0.22498148148148145
3 0.6175104166666666 0.37372222222222223 0.04269270833333323 0.18499999999999997
3 0.6638229166666666 0.6247962962962963 0.040026041666666616 0.24666666666666676
3 0.9115885416666667 0.5400833333333332 0.04535937500000008 0.23988888888888882
2 0.259125 0.4825185185185185 0.01129166666666664 0.026944444444444413
0 0.20004687499999999 0.27727777777777773 0.01964062500000002 0.027768518518518526
9 0.20298437500000002 0.2540462962962963 0.031703125000000006 0.02419444444444444
2 0.6715104166666667 0.5705833333333333 0.008677083333333257 0.026796296296296346
1 0.20420833333333333 0.27044444444444443 0.02915625000000001 0.05625925925925925
2 0.38448437500000004 0.2750648148148148 0.006380208333333333 0.013046296296296325
2 0.6109895833333333 0.3431666666666667 0.008557291666666581 0.018361111111111147
2 0.08163541666666667 0.5178703703703703 0.006937499999999997 0.020175925925925892