3 0.6896614583333334 0.8311574074074075 0.06083333333333343 0.27459259259259267
3 0.38259375 0.4399444444444444 0.05460416666666663 0.21200000000000002
3 0.5767708333333333 0.5821666666666667 0.08214583333333322 0.2648703703703703
3 0.28855729166666666 0.5701388888888889 0.05955729166666665 0.2250555555555555
3 0.47485937500000003 0.8013888888888889 0.07679166666666669 0.24719444444444447
3 0.6612135416666667 0.6703425925925927 0.03995833333333323 0.23555555555555563
3 0.581796875 0.289462962962963 0.059041666666666735 0.1956851851851852
3 0.054098958333333336 0.678675925925926 0.04832291666666666 0.23783333333333345
3 0.5191822916666667 0.38016666666666665 0.03422916666666668 0.2084907407407407
8 0.6461875 0.3526574074074074 0.03515625 0.15237037037037032
3 0.1349739583333333 0.3903055555555555 0.053682291666666646 0.2213981481481482
2 0.5753541666666667 0.5235833333333334 0.011020833333333258 0.02661111111111112
9 0.6204479166666667 0.27796296296296297 0.03341145833333338 0.02060185185185185
8 0.48440625 0.8839351851851852 0.05498958333333329 0.22996296296296287
2 0.27440625 0.5263333333333334 0.009151041666666634 0.025203703703703728
2 0.6664114583333334 0.6216944444444444 0.009880208333333229 0.028805555555555463
2 0.6900989583333333 0.7721851851851852 0.010526041666666685 0.03030555555555557
0 0.59684375 0.09056481481481482 0.017390624999999934 0.030796296296296287
8 0.1066875 0.3506851851851852 0.047203125 0.19556481481481486
2 0.13757291666666666 0.3454351851851852 0.014874999999999987 0.022111111111111106
2 0.4561927083333333 0.7558611111111111 0.008546875000000042 0.03329629629629633
2 0.5835781250000001 0.24633333333333335 0.010713541666666751 0.020166666666666642
2 0.056718750000000005 0.6319814814814815 0.008588541666666671 0.027092592592592585