3 0.6533854166666667 0.38472222222222224 0.049479166666666664 0.19537037037037036
3 0.42083333333333334 0.5949074074074074 0.09583333333333334 0.24166666666666667
8 0.71796875 0.7916666666666666 0.0484375 0.17777777777777778
3 0.66171875 0.6694444444444444 0.0765625 0.21666666666666667
3 0.56484375 0.7787037037037037 0.05572916666666667 0.2037037037037037
3 0.6833333333333333 0.33055555555555555 0.0375 0.17407407407407408
3 0.18932291666666667 0.5055555555555555 0.0546875 0.24259259259259258
8 0.8625 0.3875 0.04375 0.1824074074074074
3 0.1703125 0.725462962962963 0.06145833333333333 0.2601851851851852
3 0.42109375 0.49398148148148147 0.0515625 0.21944444444444444
3 0.303125 0.45787037037037037 0.058333333333333334 0.19722222222222222
2 0.15598958333333332 0.6717592592592593 0.013020833333333334 0.028703703703703703
8 0.10963541666666667 0.36898148148148147 0.0546875 0.18055555555555555
3 0.27734375 0.4212962962962963 0.0359375 0.26296296296296295
2 0.55859375 0.7597222222222222 0.013020833333333334 0.028703703703703703
2 0.6861979166666666 0.3087962962962963 0.0067708333333333336 0.01574074074074074
2 0.6513020833333333 0.3472222222222222 0.0067708333333333336 0.016666666666666666
9 0.7950520833333333 0.274537037037037 0.03177083333333333 0.017592592592592594
2 0.3065104166666667 0.41759259259259257 0.009895833333333333 0.024074074074074074
2 0.4205729166666667 0.4462962962962963 0.009895833333333333 0.027777777777777776
0 0.5381979166666666 0.008064814814814816 0.019026041666666712 0.016120370370370368
2 0.26665625 0.3941111111111111 0.007619791666666694 0.022324074074074086
2 0.42215104166666667 0.5411574074074075 0.01641145833333333 0.027814814814814782