3 0.18489583333333334 0.44675925925925924 0.06770833333333333 0.20462962962962963
3 0.6072916666666667 0.4064814814814815 0.06979166666666667 0.22592592592592592
3 0.4005208333333333 0.2777777777777778 0.040625 0.1962962962962963
3 0.16458333333333333 0.35833333333333334 0.04895833333333333 0.2074074074074074
3 0.30572916666666666 0.49027777777777776 0.05520833333333333 0.22870370370370371
8 0.59296875 0.8337962962962963 0.07447916666666667 0.30833333333333335
8 0.021875 0.31805555555555554 0.04375 0.20277777777777778
3 0.6455729166666667 0.4759259259259259 0.050520833333333334 0.26481481481481484
8 0.7169270833333333 0.3638888888888889 0.04114583333333333 0.21481481481481482
3 0.48046875 0.3527777777777778 0.0515625 0.22037037037037038
5 0.43776041666666665 0.6893518518518519 0.0546875 0.3675925925925926
3 0.3145833333333333 0.4097222222222222 0.036458333333333336 0.22314814814814815
0 0.47942708333333334 0.3490740740740741 0.019270833333333334 0.02962962962962963
2 0.64921875 0.4097222222222222 0.008854166666666666 0.025
2 0.4388020833333333 0.6643518518518519 0.011979166666666667 0.030555555555555555
9 0.6395833333333333 0.21203703703703702 0.035416666666666666 0.022222222222222223
2 0.40598958333333335 0.24259259259259258 0.011979166666666667 0.020370370370370372
2 0.4713541666666667 0.31712962962962965 0.007291666666666667 0.021296296296296296
2 0.159375 0.32175925925925924 0.009375 0.019444444444444445
2 0.18802083333333333 0.40925925925925927 0.009375 0.022222222222222223
2 0.6216145833333333 0.36666666666666664 0.013020833333333334 0.022222222222222223
7 0.4764947916666667 0.6581203703703703 0.06484895833333333 0.27787962962962975
2 0.3105572916666667 0.4324074074074074 0.009354166666666686 0.0276018518518518