5 0.7187760416666666 0.5233888888888889 0.07644791666666677 0.36203703703703705
0 0.6920989583333333 0.36289814814814814 0.02049479166666662 0.04106481481481484
7 0.5966197916666667 0.5019907407407407 0.10670312499999994 0.3169259259259259
3 0.6236197916666666 0.35480555555555554 0.06051041666666658 0.2099351851851852
3 0.7413854166666667 0.2695 0.05269791666666658 0.2151388888888889
3 0.3201041666666667 0.31172222222222223 0.03773437500000002 0.2070462962962963
3 0.3269375 0.23393518518518516 0.04619270833333336 0.19258333333333333
3 0.23015624999999998 0.5985740740740741 0.06733854166666665 0.2533055555555555
3 0.13809375 0.7385277777777778 0.05822916666666666 0.2799074074074074
8 0.4570625 0.8134259259259259 0.07872395833333339 0.23653703703703707
9 0.24772395833333333 0.16800925925925925 0.04001562499999999 0.03064814814814817
8 0.6275677083333334 0.19746296296296295 0.041749999999999926 0.1743148148148148
3 0.5025677083333333 0.6141851851851853 0.08852604166666668 0.2575277777777777
3 0.48417187500000003 0.5936666666666667 0.05087500000000003 0.21454629629629632
2 0.5026145833333333 0.5443148148148148 0.015031249999999947 0.025296296296296237
2 0.7473958333333334 0.2375462962962963 0.008119791666666742 0.019898148148148158
2 0.3266666666666667 0.20794444444444446 0.006953124999999952 0.018129629629629614
2 0.6231822916666666 0.3251851851851852 0.014619791666666751 0.02339814814814813
2 0.14735416666666667 0.69175 0.007109374999999988 0.025499999999999967
2 0.23900520833333333 0.5457870370370371 0.005489583333333314 0.025287037037036986
2 0.3109791666666667 0.2695462962962963 0.008973958333333342 0.027018518518518473