0 0.483828125 0.16066666666666668 0.016843749999999956 0.036129629629629616
9 0.33075 0.26452777777777775 0.030479166666666658 0.029000000000000047
3 0.3606979166666667 0.39144444444444443 0.06470833333333334 0.1763518518518519
3 0.3643072916666667 0.43898148148148153 0.08850520833333336 0.17825
3 0.2647083333333333 0.6733240740740741 0.05454687500000001 0.2153333333333333
8 0.43890625 0.8306666666666668 0.055885416666666646 0.2866296296296297
3 0.08756770833333333 0.7377407407407407 0.05695312500000001 0.24337962962962956
8 0.06644270833333334 0.6486111111111111 0.04091145833333334 0.2153333333333333
3 0.46578125 0.3864537037037037 0.03529687499999999 0.1929907407407408
3 0.47139583333333335 0.28140740740740744 0.03582812499999998 0.18062962962962967
8 0.672734375 0.30707407407407405 0.03743229166666661 0.1749259259259259
3 0.86671875 0.42710185185185184 0.045723958333333314 0.2305462962962963
3 0.6387760416666667 0.8040462962962963 0.060427083333333326 0.271425925925926
3 0.572734375 0.7809907407407408 0.04813020833333326 0.2519351851851851
3 0.6557552083333333 0.568037037037037 0.06657812499999996 0.21770370370370365
2 0.6548541666666666 0.5207685185185185 0.015255208333333315 0.03025000000000007
2 0.5848177083333332 0.7516851851851852 0.008572916666666685 0.028962962962962937
2 0.250421875 0.6322314814814814 0.008479166666666652 0.020962962962963055
2 0.6340520833333334 0.7473703703703704 0.01710937499999995 0.03266666666666664
2 0.85884375 0.3805925925925926 0.006015625000000095 0.019601851851851815