8 0.2288125 0.3548425925925926 0.04733854166666666 0.20472222222222225
9 0.28902083333333334 0.22760185185185186 0.042270833333333376 0.02637962962962964
3 0.28808333333333336 0.42280555555555555 0.07232812500000003 0.21240740740740743
4 0.286390625 0.5189907407407407 0.09298958333333332 0.23912037037037037
4 0.32959895833333336 0.6103333333333333 0.06556249999999994 0.21875
3 0.39299999999999996 0.6210185185185185 0.05635937500000002 0.2761944444444444
3 0.4383697916666666 0.6140092592592593 0.073828125 0.2835462962962963
8 0.2988854166666667 0.8371018518518519 0.0672552083333333 0.2554907407407408
3 0.6805052083333333 0.7884444444444444 0.07634374999999996 0.36029629629629617
3 0.8175572916666667 0.3951759259259259 0.04568229166666669 0.22129629629629624
3 0.9219583333333333 0.41044444444444445 0.05947916666666657 0.23874074074074067
3 0.5442187500000001 0.3338611111111111 0.05212499999999996 0.21857407407407412
3 0.4189739583333333 0.3867314814814815 0.04997395833333336 0.21748148148148147
2 0.68115625 0.7065555555555556 0.012598958333333361 0.03783333333333324
2 0.4383854166666667 0.5538703703703703 0.019406249999999996 0.032685185185185144
2 0.4050989583333333 0.5626481481481481 0.010385416666666696 0.03813888888888894
2 0.3204895833333333 0.5582592592592592 0.019239583333333362 0.03299074074074084
0 0.29673958333333333 0.4915185185185185 0.018729166666666686 0.03389814814814805
2 0.5455572916666667 0.3020740740740741 0.013359375000000047 0.0190925925925926
2 0.8070208333333333 0.3595277777777778 0.0054531249999998956 0.0161666666666667
2 0.2987604166666667 0.39112962962962966 0.004932291666666681 0.017416666666666615
2 0.911578125 0.3682314814814815 0.004927083333333352 0.017231481481481493