3 0.15260416666666668 0.49444444444444446 0.0875 0.24814814814814815
3 0.287796875 0.44237037037037036 0.08601041666666669 0.15971296296296297
3 0.6380208333333334 0.7518518518518519 0.0625 0.25555555555555554
8 0.75390625 0.2833333333333333 0.044270833333333336 0.21296296296296297
3 0.43847916666666664 0.526074074074074 0.06506250000000004 0.26925
3 0.35655729166666666 0.5151481481481481 0.048937500000000016 0.2617962962962963
8 0.8572916666666667 0.899537037037037 0.09270833333333334 0.20092592592592592
3 0.427421875 0.47385185185185186 0.05588020833333331 0.27815740740740746
8 0.06484375 0.6393518518518518 0.03697916666666667 0.275
2 0.440625 0.4708333333333333 0.021875 0.028703703703703703
2 0.6377604166666667 0.7175925925925926 0.013020833333333334 0.03333333333333333
0 0.3455729166666667 0.325 0.021354166666666667 0.037037037037037035
2 0.14583333333333334 0.44907407407407407 0.009375 0.027777777777777776
2 0.3815104166666667 0.7412037037037037 0.016145833333333335 0.03796296296296296
3 0.38046875 0.7699074074074074 0.07760416666666667 0.2212962962962963
9 0.340625 0.20925925925925926 0.0375 0.022222222222222223
2 0.3640625 0.4597222222222222 0.008333333333333333 0.030555555555555555
4 0.34113020833333335 0.4536759259259259 0.04549479166666662 0.2943888888888889
2 0.3421041666666667 0.3897777777777778 0.008468749999999995 0.021416666666666664