3 0.8447916666666667 0.6166666666666667 0.046875 0.22407407407407406
3 0.6973958333333333 0.6018518518518519 0.05520833333333333 0.23333333333333334
8 0.8401041666666667 0.8518518518518519 0.046875 0.2111111111111111
3 0.365625 0.42407407407407405 0.04375 0.22037037037037038
3 0.36953125 0.7444444444444445 0.05572916666666667 0.2351851851851852
3 0.63984375 0.3907407407407407 0.0484375 0.1814814814814815
3 0.4541354166666667 0.4592777777777778 0.058390624999999946 0.16107407407407412
3 0.3268229166666667 0.7018518518518518 0.0390625 0.25925925925925924
8 0.0515625 0.6462962962962963 0.04375 0.22962962962962963
3 0.44065624999999997 0.5142407407407408 0.05402604166666668 0.20718518518518517
8 0.7140625 0.32546296296296295 0.0375 0.1712962962962963
0 0.5518229166666667 0.20972222222222223 0.016145833333333335 0.030555555555555555
2 0.6385416666666667 0.36064814814814816 0.009375 0.023148148148148147
2 0.8421875 0.5773148148148148 0.0125 0.026851851851851852
2 0.43307291666666664 0.4726851851851852 0.008854166666666666 0.023148148148148147
2 0.35885416666666664 0.7055555555555556 0.013541666666666667 0.03148148148148148
2 0.44296875 0.4199074074074074 0.008854166666666666 0.023148148148148147
2 0.36276041666666664 0.37453703703703706 0.0109375 0.025
9 0.32916666666666666 0.25972222222222224 0.03125 0.019444444444444445
2 0.7 0.5564814814814815 0.010416666666666666 0.025925925925925925
5 0.54796875 0.2979907407407407 0.03430208333333334 0.20062037037037034
3 0.42885416666666665 0.47843518518518524 0.06869791666666672 0.22885185185185186
2 0.5494635416666667 0.26799074074074075 0.006119791666666667 0.018444444444444406