3 0.06629166666666667 0.6145833333333334 0.08502604166666666 0.26236111111111104
3 0.66684375 0.8232685185185186 0.06914583333333321 0.31602777777777785
3 0.017911458333333335 0.4023148148148148 0.03563020833333333 0.23249074074074072
8 0.34795312500000003 0.9271296296296296 0.06052083333333336 0.14574074074074084
3 0.426453125 0.8418796296296297 0.15467708333333335 0.25564814814814807
3 0.6272708333333333 0.5290462962962963 0.08416145833333341 0.29808333333333337
3 0.683828125 0.6681018518518518 0.05753645833333323 0.2713981481481483
3 0.4125 0.4416388888888889 0.046609375 0.24348148148148152
8 0.6829531249999999 0.30183333333333334 0.05029687500000009 0.17993518518518523
3 0.41896354166666666 0.30499074074074073 0.08784895833333337 0.21837962962962965
2 0.6300260416666668 0.4674537037037037 0.014510416666666732 0.033120370370370356
9 0.6465885416666667 0.2134814814814815 0.044489583333333374 0.026796296296296294
2 0.6701822916666667 0.7609259259259259 0.013109375000000038 0.035796296296296375
2 0.6880729166666666 0.6227592592592593 0.012416666666666742 0.0349351851851852
2 0.42605729166666667 0.39335185185185184 0.006713541666666719 0.023250000000000014
2 0.40625 0.27673148148148147 0.00756249999999999 0.019249999999999965