3 0.340625 0.5856481481481481 0.08958333333333333 0.262037037037037
3 0.7013020833333333 0.5921296296296297 0.06822916666666666 0.275
3 0.019791666666666666 0.8060185185185185 0.03958333333333333 0.325
3 0.5721354166666667 0.3175925925925926 0.04635416666666667 0.2111111111111111
3 0.09192708333333334 0.5587962962962963 0.059895833333333336 0.2638888888888889
3 0.30017708333333337 0.3526666666666667 0.04993749999999994 0.22899999999999995
3 0.61171875 0.34675925925925927 0.0703125 0.2212962962962963
8 0.384375 0.3148148148148148 0.03854166666666667 0.20925925925925926
3 0.775 0.5680555555555555 0.057291666666666664 0.2361111111111111
2 0.70390625 0.5319444444444444 0.021354166666666667 0.03425925925925926
0 0.6484375 0.04861111111111111 0.019791666666666666 0.03796296296296296
2 0.5705729166666667 0.28379629629629627 0.0078125 0.019444444444444445
9 0.7497395833333333 0.2574074074074074 0.03697916666666667 0.020370370370370372
2 0.78515625 0.5236111111111111 0.011979166666666667 0.030555555555555555
8 0.29127604166666665 0.8939814814814815 0.065625 0.21203703703703702
3 0.7055364583333333 0.562324074074074 0.08516145833333345 0.275287037037037
3 0.30521875 0.32960185185185187 0.036328125 0.21230555555555553
2 0.34888541666666667 0.5303425925925925 0.008708333333333347 0.030212962962963063
2 0.301296875 0.2890925925925926 0.005546875000000047 0.02138888888888891