3 0.46328125 0.4212962962962963 0.058854166666666666 0.20925925925925926
3 0.12552083333333333 0.5462962962962963 0.057291666666666664 0.21666666666666667
3 0.40078125 0.36712962962962964 0.04635416666666667 0.2101851851851852
8 0.5888020833333333 0.8625 0.058854166666666666 0.275
3 0.31692708333333336 0.5254629629629629 0.058854166666666666 0.23055555555555557
3 0.10260416666666666 0.4439814814814815 0.04791666666666667 0.2101851851851852
3 0.4049479166666667 0.788425925925926 0.09947916666666666 0.2972222222222222
8 0.6911458333333333 0.4027777777777778 0.03958333333333333 0.2
8 0.018489583333333334 0.37546296296296294 0.03697916666666667 0.21388888888888888
3 0.5774322916666667 0.5062962962962962 0.08031770833333335 0.2478888888888889
3 0.32135416666666666 0.4597222222222222 0.059375 0.21203703703703702
2 0.3997395833333333 0.325 0.0140625 0.020370370370370372
0 0.56953125 0.16157407407407406 0.018229166666666668 0.03425925925925926
2 0.3671875 0.762962962962963 0.015625 0.03148148148148148
9 0.6216145833333333 0.27685185185185185 0.033854166666666664 0.022222222222222223
2 0.4627604166666667 0.3907407407407407 0.008854166666666666 0.020370370370370372
2 0.32109375 0.4777777777777778 0.009895833333333333 0.025925925925925925
3 0.58475 0.4847222222222222 0.06020833333333329 0.23310185185185187
3 0.38590625 0.8164259259259259 0.09350520833333333 0.26974999999999993
2 0.09986458333333334 0.4057222222222222 0.010682291666666661 0.022277777777777726
2 0.12953125 0.506287037037037 0.010046874999999995 0.02112962962962957
2 0.4158541666666667 0.7303425925925926 0.015203125000000029 0.03350925925925931