3 0.25729166666666664 0.5537037037037037 0.06979166666666667 0.2
3 0.7013020833333333 0.5023148148148148 0.07864583333333333 0.23796296296296296
8 0.11197916666666667 0.2814814814814815 0.042708333333333334 0.18333333333333332
3 0.6083333333333333 0.46111111111111114 0.07395833333333333 0.23333333333333334
8 0.5497395833333333 0.8106481481481481 0.05572916666666667 0.21944444444444444
8 0.6846354166666667 0.30694444444444446 0.034895833333333334 0.16574074074074074
3 0.35208333333333336 0.3712962962962963 0.04479166666666667 0.20555555555555555
3 0.4903645833333333 0.30462962962962964 0.03697916666666667 0.20555555555555555
3 0.39010416666666664 0.41064814814814815 0.036458333333333336 0.21388888888888888
3 0.44427083333333334 0.21342592592592594 0.04895833333333333 0.18425925925925926
3 0.19166666666666668 0.5949074074074074 0.05416666666666667 0.23055555555555557
3 0.5830729166666667 0.6708333333333333 0.0546875 0.24351851851851852
2 0.58359375 0.6310185185185185 0.0140625 0.023148148148148147
2 0.6166666666666667 0.7050925925925926 0.013541666666666667 0.032407407407407406
2 0.6169270833333333 0.42083333333333334 0.009895833333333333 0.019444444444444445
9 0.6393229166666666 0.1935185185185185 0.033854166666666664 0.020370370370370372
2 0.18333333333333332 0.5462962962962963 0.010416666666666666 0.02962962962962963
2 0.2526041666666667 0.5189814814814815 0.008333333333333333 0.01574074074074074
3 0.61796875 0.7625 0.06927083333333334 0.2657407407407407
2 0.4328541666666667 0.17997222222222223 0.010572916666666644 0.01875
2 0.3552604166666667 0.3289166666666667 0.012421874999999952 0.026907407407407356