8 0.27310416666666665 0.29997222222222225 0.03607812499999999 0.1670740740740741
9 0.3528333333333334 0.21260185185185188 0.0328125 0.02190740740740743
5 0.21320312500000002 0.6422407407407408 0.05166666666666669 0.27250925925925923
2 0.2140625 0.6366666666666667 0.01221875000000002 0.03391666666666677
0 0.21572395833333333 0.5254629629629629 0.019999999999999987 0.034990740740740704
3 0.30424999999999996 0.5653518518518519 0.060322916666666636 0.2713981481481481
3 0.29009375 0.49090740740740735 0.06246875000000003 0.2182962962962963
3 0.3801875 0.45586111111111116 0.04821874999999996 0.2176018518518519
3 0.36867187500000004 0.41629629629629633 0.04899999999999996 0.21343518518518517
3 0.3569583333333333 0.3788148148148148 0.04197395833333329 0.20927777777777776
3 0.5962968750000001 0.42062962962962963 0.05876041666666675 0.2082314814814814
8 0.46130208333333333 0.7347222222222223 0.057395833333333354 0.1742222222222223
3 0.22986979166666668 0.36614814814814817 0.05407812500000002 0.20060185185185184
3 0.7588333333333334 0.668 0.0632656249999999 0.23592592592592587
3 0.7954791666666666 0.5008333333333334 0.07252604166666667 0.2184351851851852
2 0.3000989583333334 0.5386296296296297 0.00884375000000001 0.01877777777777775
2 0.24150520833333333 0.3307037037037037 0.0063437499999999735 0.017083333333333374
2 0.35817187500000003 0.34217592592592594 0.007729166666666624 0.02139814814814816
2 0.3682135416666667 0.3823240740740741 0.006208333333333371 0.019879629629629653
2 0.37678124999999996 0.41141666666666665 0.0078489583333333 0.020453703703703734
2 0.5973541666666667 0.3881851851851852 0.006979166666666714 0.018250000000000034