8 0.8197916666666667 0.8856481481481482 0.06458333333333334 0.22870370370370371
8 0.7533854166666667 0.2824074074074074 0.044270833333333336 0.21481481481481482
3 0.7065104166666667 0.7606481481481482 0.07552083333333333 0.23981481481481481
3 0.3328125 0.7509259259259259 0.06458333333333334 0.25925925925925924
3 0.37734375 0.44722222222222224 0.0765625 0.26851851851851855
3 0.4627604166666667 0.5199074074074074 0.0453125 0.275
8 0.06666666666666667 0.6328703703703704 0.042708333333333334 0.26944444444444443
3 0.31106770833333336 0.5137037037037037 0.04486458333333339 0.290212962962963
0 0.3203802083333333 0.169 0.017833333333333336 0.03143518518518518
2 0.32473958333333336 0.7175925925925926 0.013020833333333334 0.03518518518518519
9 0.340625 0.20972222222222223 0.036458333333333336 0.023148148148148147
2 0.3260416666666667 0.4615740740740741 0.007291666666666667 0.026851851851851852
2 0.36875 0.40324074074074073 0.009375 0.021296296296296296
3 0.99375 0.4 0.0125 0.2
3 0.28790625 0.46649999999999997 0.0542604166666667 0.27886111111111106
3 0.30625 0.4920648148148148 0.09196354166666663 0.23982407407407408
3 0.391640625 0.44110185185185186 0.04045312500000004 0.25806481481481486