3 0.46197916666666666 0.45092592592592595 0.0625 0.21296296296296297
3 0.37526041666666665 0.3962962962962963 0.04739583333333333 0.1962962962962963
3 0.075 0.5967592592592592 0.07395833333333333 0.2324074074074074
3 0.35 0.5611111111111111 0.08229166666666667 0.21296296296296297
3 0.3033854166666667 0.8574074074074074 0.0921875 0.2814814814814815
8 0.57734375 0.8763888888888889 0.0609375 0.24722222222222223
8 0.67734375 0.4162037037037037 0.0390625 0.19907407407407407
3 0.31796875 0.4861111111111111 0.0453125 0.22592592592592592
3 0.3450520833333333 0.7893518518518519 0.10052083333333334 0.33796296296296297
3 0.05546875 0.4861111111111111 0.06302083333333333 0.21296296296296297
3 0.562765625 0.5277777777777778 0.07569791666666668 0.2518518518518518
8 0.009114583333333334 0.3958333333333333 0.018229166666666668 0.20462962962962963
2 0.3734375 0.36064814814814816 0.014583333333333334 0.021296296296296296
2 0.3546875 0.7638888888888888 0.01875 0.02962962962962963
2 0.3125 0.7976851851851852 0.015625 0.03611111111111111
2 0.32317708333333334 0.45 0.0078125 0.022222222222222223
2 0.08020833333333334 0.5504629629629629 0.010416666666666666 0.023148148148148147
2 0.46510416666666665 0.4185185185185185 0.008333333333333333 0.020370370370370372
0 0.6106770833333334 0.28935185185185186 0.016145833333333335 0.030555555555555555
9 0.6109375 0.2962962962962963 0.03333333333333333 0.020370370370370372
2 0.5729166666666666 0.475462962962963 0.010416666666666666 0.021296296296296296
2 0.36041666666666666 0.5115740740740741 0.009375 0.023148148148148147
3 0.5722083333333334 0.4970925925925926 0.06136458333333342 0.23468518518518522
2 0.0535625 0.44765740740740745 0.009703124999999998 0.02161111111111114