3 0.34661458333333334 0.674537037037037 0.0703125 0.2564814814814815
3 0.6296875 0.5967592592592592 0.058333333333333334 0.225
3 0.9203125 0.6185185185185185 0.052083333333333336 0.22962962962962963
3 0.46041666666666664 0.7560185185185185 0.052083333333333336 0.24537037037037038
3 0.41267708333333336 0.5278888888888889 0.07672916666666664 0.21458333333333332
0 0.38333333333333336 0.11851851851851852 0.016666666666666666 0.02962962962962963
2 0.45364583333333336 0.7087962962962963 0.016666666666666666 0.028703703703703703
3 0.5348958333333333 0.3402777777777778 0.046875 0.19722222222222222
8 0.06927083333333334 0.6597222222222222 0.04791666666666667 0.22685185185185186
8 0.7328125 0.3578703703703704 0.04583333333333333 0.17314814814814813
3 0.39140625 0.5237685185185185 0.07622395833333329 0.22258333333333338
2 0.33359375 0.6111111111111112 0.019270833333333334 0.03333333333333333
3 0.3421875 0.547212962962963 0.04583333333333333 0.20739814814814816
8 0.7559895833333333 0.8537037037037037 0.0421875 0.17962962962962964
2 0.9260416666666667 0.5819444444444445 0.011458333333333333 0.026851851851851852
2 0.34791666666666665 0.5078703703703704 0.010416666666666666 0.025
2 0.5338541666666666 0.3236111111111111 0.007291666666666667 0.017592592592592594
9 0.32838541666666665 0.29074074074074074 0.03177083333333333 0.020370370370370372
2 0.6411458333333333 0.55 0.008333333333333333 0.024074074074074074
2 0.37057291666666664 0.4736111111111111 0.005729166666666666 0.023148148148148147
2 0.40130208333333334 0.412962962962963 0.009895833333333333 0.016666666666666666
2 0.40677083333333336 0.4861111111111111 0.016666666666666666 0.020370370370370372
3 0.40148958333333334 0.40314814814814814 0.048671875000000024 0.1103333333333333
3 0.40395833333333336 0.32584259259259263 0.03618750000000001 0.12475000000000001