3 0.9293333333333333 0.39771296296296293 0.065625 0.2456944444444444
3 0.8189375 0.391287037037037 0.08175520833333323 0.20713888888888887
3 0.5562916666666666 0.33072222222222225 0.0570052083333333 0.23235185185185184
3 0.7241145833333333 0.7731759259259259 0.10010937500000001 0.34802777777777766
3 0.398484375 0.6149814814814815 0.07174479166666667 0.2649722222222223
3 0.44756770833333337 0.5724722222222222 0.05978645833333331 0.2788148148148148
3 0.33396875000000004 0.5729629629629629 0.06729687500000002 0.2363055555555556
4 0.30296354166666667 0.5106759259259259 0.06367708333333333 0.23037037037037034
3 0.3092239583333333 0.42045370370370366 0.09120833333333331 0.21010185185185182
8 0.214953125 0.33887962962962964 0.05172395833333336 0.20713888888888893
3 0.4160052083333333 0.391037037037037 0.06006249999999997 0.23037037037037042
9 0.28432291666666665 0.2147685185185185 0.04178125000000001 0.025611111111111133
8 0.28825 0.8274537037037037 0.05956770833333331 0.24590740740740744
2 0.4080989583333333 0.5613425925925926 0.012968750000000048 0.03114814814814824
2 0.45102604166666665 0.517888888888889 0.016822916666666642 0.037694444444444475
2 0.33721875 0.5292592592592593 0.016994791666666724 0.03301851851851859
2 0.7248177083333334 0.6963796296296296 0.012791666666666639 0.03707407407407404
2 0.55446875 0.29080555555555554 0.014692708333333353 0.01881481481481486
2 0.8139427083333334 0.368962962962963 0.006374999999999886 0.01551851851851851
2 0.2867395833333333 0.38987037037037037 0.005864583333333328 0.015814814814814854
2 0.295 0.4540185185185185 0.009463541666666705 0.02378703703703709