9 0.1888125 0.21469444444444444 0.028526041666666658 0.022166666666666664
8 0.216703125 0.3067407407407407 0.048390624999999986 0.1791944444444444
8 0.61103125 0.7949166666666666 0.051979166666666764 0.15598148148148153
3 0.9356666666666666 0.6171944444444445 0.09178645833333335 0.224925925925926
3 0.9895833333333334 0.4638888888888889 0.020833333333333332 0.25
3 0.8123177083333334 0.38589814814814816 0.0898593750000001 0.21120370370370367
3 0.5617604166666667 0.5973425925925926 0.08324479166666662 0.2793148148148149
3 0.5019427083333333 0.6291944444444444 0.05127083333333336 0.2410925925925927
3 0.310921875 0.714462962962963 0.06394791666666665 0.25285185185185177
3 0.352546875 0.5292314814814816 0.05347395833333337 0.2254166666666667
3 0.39403125 0.4491111111111111 0.04933854166666667 0.20825925925925923
3 0.483890625 0.4696944444444444 0.059812499999999956 0.2161018518518518
4 0.42848437500000003 0.5000740740740741 0.05430208333333333 0.2102222222222222
0 0.42266145833333335 0.4668333333333333 0.018979166666666696 0.03511111111111107
2 0.33690625 0.47607407407407404 0.013505208333333367 0.02771296296296297
2 0.3170885416666666 0.6738981481481481 0.010979166666666628 0.03454629629629625
2 0.5098958333333333 0.5914722222222222 0.017203124999999986 0.03058333333333331
2 0.5680416666666667 0.5271018518518519 0.008947916666666582 0.029055555555555657
2 0.4983697916666667 0.4264814814814815 0.009979166666666709 0.02844444444444447