3 0.34609375 0.5847222222222223 0.07760416666666667 0.21203703703703702
3 0.86796875 0.5958333333333333 0.0578125 0.2361111111111111
3 0.7684895833333333 0.6027777777777777 0.05572916666666667 0.23703703703703705
3 0.29244791666666664 0.5069444444444444 0.05572916666666667 0.18796296296296297
3 0.18958333333333333 0.4930555555555556 0.042708333333333334 0.19537037037037036
3 0.6541666666666667 0.7462962962962963 0.058333333333333334 0.22592592592592592
8 0.27317708333333335 0.35138888888888886 0.03802083333333333 0.16018518518518518
3 0.22421875 0.7101851851851851 0.049479166666666664 0.22777777777777777
3 0.4510416666666667 0.3375 0.057291666666666664 0.1675925925925926
8 0.9638020833333333 0.5995370370370371 0.0359375 0.2101851851851852
3 0.5635416666666667 0.6134259259259259 0.040625 0.20277777777777778
2 0.86953125 0.5388888888888889 0.018229166666666668 0.024074074074074074
2 0.6588541666666666 0.7083333333333334 0.010416666666666666 0.025925925925925925
2 0.22161458333333334 0.6574074074074074 0.013020833333333334 0.025925925925925925
8 0.1875 0.8199074074074074 0.034375 0.21944444444444444
2 0.3489583333333333 0.5365740740740741 0.007291666666666667 0.023148148148148147
2 0.45755208333333336 0.30833333333333335 0.0067708333333333336 0.014814814814814815
9 0.7299479166666667 0.2796296296296296 0.030729166666666665 0.016666666666666666
2 0.7770833333333333 0.5574074074074075 0.008333333333333333 0.024074074074074074
3 0.4591145833333333 0.4074074074074074 0.05572916666666667 0.17407407407407408
2 0.177890625 0.44507407407407407 0.007140625000000019 0.02157407407407403