3 0.7541666666666667 0.6194444444444445 0.06666666666666667 0.21851851851851853
8 0.023177083333333334 0.34120370370370373 0.04635416666666667 0.18981481481481483
3 0.2833333333333333 0.7435185185185185 0.06770833333333333 0.2759259259259259
8 0.5997395833333333 0.7796296296296297 0.04635416666666667 0.19074074074074074
3 0.38203125 0.3907407407407407 0.06302083333333333 0.20555555555555555
8 0.7846354166666667 0.3638888888888889 0.03697916666666667 0.1925925925925926
3 0.3299479166666667 0.32546296296296295 0.0640625 0.19722222222222222
3 0.6127604166666667 0.3712962962962963 0.0453125 0.18703703703703703
3 0.4270833333333333 0.6435185185185185 0.05416666666666667 0.2611111111111111
3 0.8458333333333333 0.7263888888888889 0.053125 0.2064814814814815
3 0.6278645833333333 0.3050925925925926 0.03697916666666667 0.16944444444444445
7 0.26848958333333334 0.44212962962962965 0.1046875 0.2935185185185185
2 0.26979166666666665 0.4050925925925926 0.014583333333333334 0.021296296296296296
2 0.28489583333333335 0.6921296296296297 0.0125 0.030555555555555555
2 0.84609375 0.7064814814814815 0.013020833333333334 0.02962962962962963
0 0.23385416666666667 0.2361111111111111 0.016666666666666666 0.02962962962962963
2 0.7572916666666667 0.5805555555555556 0.008333333333333333 0.020370370370370372
5 0.20104166666666667 0.451712962962963 0.053125 0.2984259259259259
2 0.384375 0.3458333333333333 0.009375 0.023148148148148147
2 0.18541666666666667 0.4212962962962963 0.007291666666666667 0.024074074074074074
9 0.7299479166666667 0.2337962962962963 0.0328125 0.019444444444444445
2 0.6203125 0.3314814814814815 0.00625 0.020370370370370372
2 0.6315104166666666 0.28425925925925927 0.0078125 0.016666666666666666
2 0.43723958333333335 0.5666666666666667 0.0140625 0.02962962962962963
2 0.3407708333333333 0.29306481481481483 0.011692708333333357 0.019425925925925944