3 0.19401041666666666 0.37592592592592594 0.0890625 0.19814814814814816
3 0.56953125 0.6064814814814815 0.0609375 0.17962962962962964
3 0.7596354166666667 0.35185185185185186 0.0703125 0.16296296296296298
3 0.4354166666666667 0.624537037037037 0.06666666666666667 0.2064814814814815
3 0.44114583333333335 0.37453703703703706 0.06875 0.1935185185185185
3 0.6674479166666667 0.4305555555555556 0.07135416666666666 0.2
3 0.31015625 0.3111111111111111 0.0546875 0.16296296296296298
8 0.08046875 0.7759259259259259 0.08385416666666666 0.22777777777777777
3 0.6955729166666667 0.4027777777777778 0.0546875 0.19074074074074074
4 0.6182291666666667 0.350462962962963 0.06145833333333333 0.14537037037037037
9 0.8916666666666667 0.2310185185185185 0.03125 0.019444444444444445
2 0.18645833333333334 0.3282407407407407 0.008333333333333333 0.021296296296296296
8 0.45546875 0.30185185185185187 0.05260416666666667 0.16666666666666666
2 0.4315104166666667 0.5907407407407408 0.009895833333333333 0.025925925925925925
2 0.29921875 0.2814814814814815 0.008854166666666666 0.016666666666666666
3 0.919921875 0.4081759259259259 0.06610937499999991 0.12661111111111112
0 0.5958020833333334 0.3565185185185185 0.01328125 0.023638888888888862