7 0.34505729166666665 0.4388703703703704 0.06898958333333335 0.21780555555555559
6 0.29316145833333335 0.46184259259259264 0.06939583333333334 0.25362037037037033
0 0.28403645833333335 0.4129074074074074 0.016911458333333348 0.037083333333333295
3 0.08751041666666667 0.7055185185185185 0.0976875 0.2793148148148149
3 0.12261458333333333 0.67675 0.07509895833333333 0.2579629629629631
8 0.2585625 0.8196666666666667 0.056374999999999974 0.2666481481481482
3 0.41547395833333334 0.7648518518518518 0.08527083333333335 0.3198333333333334
3 0.4021458333333333 0.6376759259259259 0.06431250000000001 0.2825648148148149
3 0.3805729166666667 0.365962962962963 0.048843749999999984 0.2080370370370371
3 0.42890625 0.27985185185185185 0.04945312500000002 0.19935185185185184
3 0.6865520833333334 0.40721296296296294 0.051895833333333266 0.2268518518518518
3 0.8269791666666666 0.3685 0.047828124999999964 0.22757407407407404
8 0.9868072916666667 0.34462037037037035 0.026385416666666592 0.1971851851851852
2 0.40428125000000004 0.7053333333333334 0.015671874999999957 0.035814814814814876
2 0.09738020833333333 0.6481666666666667 0.014854166666666658 0.03292592592592587
2 0.3909479166666667 0.5642314814814815 0.01424479166666662 0.03292592592592587
9 0.26853645833333334 0.22268518518518518 0.0348020833333333 0.024240740740740747
8 0.216640625 0.3505833333333333 0.04823437500000001 0.19609259259259257
2 0.42708854166666665 0.2518888888888889 0.012583333333333375 0.015231481481481523
2 0.68371875 0.36972222222222223 0.004479166666666619 0.01670370370370367
2 0.8254166666666667 0.3346111111111111 0.007036458333333447 0.01574074074074074