0 0.421921875 0.11107407407407406 0.0160520833333333 0.032870370370370355
9 0.3505364583333333 0.3209444444444444 0.0369479166666667 0.023277777777777765
3 0.37659374999999995 0.512287037037037 0.06585937500000003 0.19019444444444447
3 0.2734947916666667 0.7763611111111112 0.051192708333333316 0.23364814814814808
3 0.15040625 0.8213518518518518 0.07765104166666668 0.2622777777777779
3 0.63528125 0.8857685185185186 0.05694270833333329 0.2254722222222222
3 0.6312552083333334 0.6073796296296297 0.08570312500000009 0.21473148148148155
3 0.510609375 0.4330462962962963 0.04342708333333327 0.18916666666666673
3 0.40118229166666663 0.4736851851851852 0.073046875 0.18661111111111112
3 0.5172239583333333 0.3558425925925926 0.04399999999999995 0.17791666666666664
3 0.9507604166666667 0.507175925925926 0.041989583333333275 0.2474537037037037
8 0.48723958333333334 0.8953703703703704 0.06197916666666667 0.20925925925925926
3 0.7760520833333333 0.9560462962962962 0.05435416666666673 0.0878981481481481
8 0.06628645833333334 0.7336666666666667 0.05205208333333334 0.2423425925925926
2 0.6395989583333334 0.5650555555555555 0.012375000000000113 0.033777777777777795
8 0.7383072916666666 0.37900925925925927 0.03871354166666663 0.18353703703703705
2 0.14886979166666667 0.7619722222222222 0.00944791666666666 0.02737037037037032
2 0.52015625 0.3323055555555555 0.008958333333333356 0.01797222222222219
2 0.5149635416666667 0.4081111111111111 0.0061562499999999664 0.01917592592592596