3 0.3611979166666667 0.5601851851851852 0.08697916666666666 0.1962962962962963
3 0.9377604166666667 0.5046296296296297 0.06614583333333333 0.21851851851851853
4 0.5658437500000001 0.6567777777777778 0.10373437500000003 0.19199074074074066
3 0.19947916666666668 0.6398148148148148 0.04895833333333333 0.22037037037037038
3 0.51084375 0.48842592592592593 0.062312500000000055 0.1824074074074074
8 0.8109375 0.7671296296296296 0.034375 0.20277777777777778
3 0.5348958333333333 0.36944444444444446 0.051041666666666666 0.17592592592592593
3 0.11 0.6972499999999999 0.06374999999999999 0.1926481481481481
0 0.5083333333333333 0.6680555555555555 0.016666666666666666 0.030555555555555555
2 0.19270833333333334 0.5944444444444444 0.008333333333333333 0.020370370370370372
8 0.7083333333333334 0.3199074074074074 0.059375 0.14722222222222223
9 0.13567708333333334 0.23842592592592593 0.027604166666666666 0.019444444444444445
3 0.5252395833333333 0.6013888888888889 0.03488020833333329 0.23055555555555557
2 0.1125 0.6708333333333333 0.008333333333333333 0.026851851851851852
3 0.5530364583333333 0.3117685185185185 0.03679687500000005 0.1434629629629629
2 0.5123958333333333 0.45614814814814814 0.011244791666666623 0.015916666666666718