3 0.19895833333333332 0.49074074074074076 0.06458333333333334 0.24814814814814815
8 0.7533854166666667 0.28379629629629627 0.044270833333333336 0.21203703703703702
3 0.43644791666666666 0.5221203703703704 0.06118750000000001 0.26273148148148145
8 0.8263020833333333 0.8898148148148148 0.0671875 0.22037037037037038
3 0.3545260416666667 0.5157962962962962 0.05448958333333328 0.2610092592592592
3 0.35911458333333335 0.7601851851851852 0.059895833333333336 0.23703703703703705
3 0.6315104166666666 0.7523148148148148 0.0640625 0.25462962962962965
3 0.2954166666666667 0.4203703703703704 0.052291666666666715 0.2574074074074074
8 0.06536458333333334 0.6342592592592593 0.04010416666666667 0.26851851851851855
3 0.392765625 0.45620370370370367 0.05011979166666668 0.2735185185185185
2 0.44947916666666665 0.4666666666666667 0.013541666666666667 0.02962962962962963
3 0.35258333333333336 0.4444444444444444 0.06558333333333337 0.30185185185185187
2 0.35885416666666664 0.7333333333333333 0.0125 0.037037037037037035
2 0.1796875 0.4449074074074074 0.008333333333333333 0.026851851851851852
2 0.35572916666666665 0.4638888888888889 0.009375 0.02962962962962963
2 0.65390625 0.7162037037037037 0.0078125 0.032407407407407406
9 0.34010416666666665 0.20925925925925926 0.036458333333333336 0.022222222222222223
3 0.990625 0.38935185185185184 0.01875 0.22870370370370371
4 0.34698958333333335 0.25013888888888886 0.015041666666666724 0.026925925925925936