0 0.31221875000000004 0.3060555555555556 0.018390624999999973 0.03192592592592594
9 0.2857395833333333 0.23946296296296296 0.03664583333333328 0.028175925925925906
3 0.49644791666666666 0.33146296296296296 0.05595833333333336 0.20160185185185187
3 0.412140625 0.38868518518518513 0.04927604166666662 0.20864814814814814
3 0.3012135416666667 0.4179629629629629 0.07700520833333331 0.21612962962962964
4 0.276578125 0.44349074074074074 0.07972916666666666 0.2531111111111112
3 0.31111458333333336 0.6631388888888889 0.06610937500000004 0.2592685185185185
3 0.4220416666666667 0.6743703703703704 0.07304166666666667 0.2711574074074075
3 0.5547604166666668 0.801138888888889 0.0750260416666667 0.31693518518518515
8 0.29328645833333333 0.8420833333333334 0.05818750000000002 0.24562037037037035
3 0.253546875 0.6585185185185186 0.07725520833333335 0.23946296296296285
3 0.7749427083333333 0.40272222222222215 0.04861979166666662 0.2342407407407407
3 0.8760885416666666 0.4117037037037037 0.05988541666666668 0.2411851851851852
2 0.55678125 0.7302777777777778 0.016161458333333437 0.03894444444444439
2 0.42523958333333334 0.617037037037037 0.018078125000000018 0.03629629629629634
2 0.297421875 0.6128796296296296 0.011697916666666686 0.029490740740740658
8 0.22990104166666667 0.3627777777777778 0.04636458333333333 0.19320370370370368
2 0.26509895833333336 0.4108055555555556 0.009192708333333351 0.021138888888888926
2 0.498546875 0.2985648148148148 0.014124999999999943 0.015583333333333371
2 0.8741822916666667 0.3771203703703704 0.006307291666666733 0.017166666666666632
2 0.7664427083333333 0.3638148148148148 0.004677083333333343 0.01676851851851853