3 0.6997395833333333 0.6092592592592593 0.05677083333333333 0.23333333333333334
3 0.8549479166666667 0.6259259259259259 0.0484375 0.22777777777777777
3 0.36640625 0.42592592592592593 0.0453125 0.21296296296296297
8 0.71796875 0.33055555555555555 0.04010416666666667 0.17777777777777778
3 0.44811979166666666 0.4692592592592593 0.06242187499999995 0.1683240740740741
3 0.37994791666666666 0.7546296296296297 0.05260416666666667 0.2351851851851852
3 0.32708333333333334 0.7060185185185185 0.040625 0.25092592592592594
3 0.4318020833333333 0.5175277777777777 0.04343229166666672 0.21359259259259264
8 0.04895833333333333 0.6546296296296297 0.051041666666666666 0.22592592592592592
3 0.615625 0.3888888888888889 0.040625 0.19444444444444445
2 0.3684895833333333 0.7166666666666667 0.0140625 0.03148148148148148
8 0.8385416666666666 0.8578703703703704 0.04479166666666667 0.20092592592592592
2 0.85234375 0.5847222222222223 0.011979166666666667 0.026851851851851852
2 0.43020833333333336 0.47314814814814815 0.009375 0.024074074074074074
2 0.3625 0.3768518518518518 0.011458333333333333 0.025925925925925925
9 0.32864583333333336 0.2662037037037037 0.03125 0.019444444444444445
2 0.6200520833333333 0.34953703703703703 0.0078125 0.021296296296296296
2 0.6989583333333333 0.562037037037037 0.010416666666666666 0.025925925925925925
3 0.42128645833333334 0.4888888888888889 0.08082812500000003 0.2276481481481482
0 0.5526197916666666 0.18781481481481482 0.012140624999999971 0.02250000000000001
5 0.5502916666666666 0.28151851851851856 0.030661458333333277 0.2091018518518519
2 0.54878125 0.24962962962962965 0.006098958333333352 0.01684259259259264