3 0.590625 0.4777777777777778 0.04895833333333333 0.21851851851851853
3 0.7481770833333333 0.33564814814814814 0.06302083333333333 0.18611111111111112
8 0.74140625 0.787962962962963 0.058854166666666666 0.18518518518518517
3 0.9041666666666667 0.5324074074074074 0.05520833333333333 0.24444444444444444
3 0.24332291666666667 0.6155462962962963 0.055140625000000006 0.23581481481481487
3 0.49433333333333335 0.49312962962962964 0.05001562499999999 0.21343518518518517
8 0.6927083333333334 0.28425925925925927 0.0375 0.17777777777777778
3 0.42615625 0.3924814814814815 0.04282291666666668 0.19334259259259254
3 0.178640625 0.7048333333333333 0.043770833333333314 0.23484259259259269
8 0.1203125 0.5791666666666667 0.030208333333333334 0.2212962962962963
0 0.3839427083333333 0.2607407407407408 0.015666666666666627 0.029953703703703725
2 0.4984375 0.4546296296296296 0.014583333333333334 0.027777777777777776
2 0.39401041666666664 0.5361111111111111 0.015104166666666667 0.024074074074074074
2 0.42916666666666664 0.3648148148148148 0.007291666666666667 0.018518518518518517
9 0.34908854166666664 0.22375 0.029979166666666637 0.01675925925925928
3 0.3930729166666667 0.5589166666666666 0.04318750000000004 0.3172870370370371
3 0.4122708333333333 0.5295648148148148 0.106765625 0.19950000000000004
3 0.7504895833333334 0.7722222222222223 0.12522395833333325 0.10303703703703701
2 0.7526041666666666 0.30416666666666664 0.007291666666666667 0.017592592592592594
2 0.16848958333333333 0.663425925925926 0.008854166666666666 0.028703703703703703