3 0.377953125 0.7170925925925926 0.056833333333333395 0.24647222222222226
8 0.10272395833333332 0.28335185185185185 0.057265624999999994 0.19446296296296295
3 0.262625 0.4827314814814815 0.051838541666666654 0.22377777777777783
3 0.50946875 0.4974351851851852 0.06741145833333337 0.2524907407407408
3 0.7222083333333333 0.7561851851851852 0.053885416666666686 0.25973148148148145
3 0.6672656250000001 0.5927407407407407 0.03655729166666669 0.23071296296296304
3 0.0473125 0.5616574074074074 0.04273958333333334 0.2305462962962963
3 0.3559114583333333 0.3463796296296296 0.042557291666666684 0.20394444444444443
3 0.16528125 0.2910555555555555 0.04205208333333334 0.20614814814814814
3 0.5212604166666667 0.3344814814814815 0.04006249999999998 0.19720370370370371
8 0.5156354166666667 0.8200000000000001 0.05355208333333336 0.2630925925925927
5 0.5503802083333333 0.2305277777777778 0.040906249999999984 0.2546481481481481
8 0.6579791666666667 0.28247222222222224 0.035067708333333295 0.1491851851851852
2 0.35276562499999997 0.3065 0.009677083333333296 0.02293518518518517
2 0.262578125 0.43900925925925927 0.009453125000000017 0.02543518518518521
9 0.632859375 0.20877777777777776 0.032260416666666694 0.022759259259259243
0 0.558578125 0.11815740740740739 0.015390625000000095 0.028287037037037034
2 0.5153229166666666 0.2816574074074074 0.009968750000000052 0.02196296296296299
2 0.7229270833333333 0.7009722222222222 0.009499999999999887 0.029583333333333375
2 0.05202604166666667 0.5196388888888889 0.008479166666666668 0.023425925925925885
2 0.17078125 0.2542314814814815 0.009895833333333333 0.020101851851851885