3 0.6807291666666667 0.3625 0.065625 0.18611111111111112
8 0.5888020833333333 0.7694444444444445 0.06822916666666666 0.22037037037037038
8 0.023177083333333334 0.35 0.04635416666666667 0.1925925925925926
3 0.76953125 0.6287037037037037 0.050520833333333334 0.22037037037037038
3 0.27682291666666664 0.7444444444444445 0.06510416666666667 0.27037037037037037
3 0.47552083333333334 0.6134259259259259 0.06354166666666666 0.2675925925925926
8 0.78359375 0.36157407407407405 0.044270833333333336 0.18981481481481483
3 0.6666666666666666 0.39166666666666666 0.06354166666666666 0.18703703703703703
3 0.4270833333333333 0.37777777777777777 0.053125 0.21666666666666667
3 0.39140625 0.3337962962962963 0.0484375 0.19537037037037036
3 0.83203125 0.7305555555555555 0.050520833333333334 0.21296296296296297
3 0.19806770833333334 0.5115462962962963 0.06844270833333331 0.2787592592592592
2 0.4828125 0.549074074074074 0.019791666666666666 0.02962962962962963
2 0.8369791666666667 0.7078703703703704 0.0125 0.028703703703703703
2 0.27682291666666664 0.6935185185185185 0.011979166666666667 0.02962962962962963
2 0.6622395833333333 0.35138888888888886 0.008854166666666666 0.021296296296296296
9 0.7294270833333333 0.24259259259259258 0.033854166666666664 0.018518518518518517
2 0.41901041666666666 0.33796296296296297 0.008854166666666666 0.024074074074074074
0 0.5106770833333333 0.007407407407407408 0.0171875 0.014814814814814815
2 0.1875 0.4976851851851852 0.011458333333333333 0.023148148148148147
2 0.39140625 0.30462962962962964 0.009895833333333333 0.020370370370370372
3 0.19336458333333334 0.4880833333333333 0.05831770833333335 0.2323888888888889
2 0.7637239583333333 0.5886018518518519 0.00677604166666678 0.01788888888888883