0 0.29153125 0.1636111111111111 0.016567708333333306 0.031092592592592578
9 0.2667552083333333 0.20592592592592593 0.038260416666666686 0.026240740740740717
8 0.1989739583333333 0.33499074074074076 0.05572916666666667 0.2222592592592592
3 0.26555208333333336 0.46164814814814814 0.05513020833333331 0.2806296296296297
3 0.2875416666666667 0.40112962962962967 0.08344791666666668 0.3009814814814814
7 0.3337864583333333 0.3992592592592593 0.05302083333333331 0.3058055555555556
8 0.2513958333333333 0.8480555555555556 0.07380729166666665 0.2908055555555555
3 0.39991145833333336 0.6041111111111112 0.057536458333333346 0.28062962962962956
3 0.40638541666666667 0.5272592592592593 0.08133854166666671 0.27260185185185193
3 0.428078125 0.3901481481481482 0.08133854166666671 0.20190740740740737
3 0.5681562499999999 0.33659259259259255 0.055432291666666585 0.24903703703703708
3 0.79409375 0.3922962962962963 0.061453124999999886 0.23617592592592598
3 0.9539114583333334 0.39658333333333334 0.0629635416666666 0.2618888888888889
3 0.8070520833333333 0.7540648148148148 0.08615625000000003 0.368462962962963
2 0.8245052083333333 0.6768425925925926 0.013046875000000095 0.03618518518518512
2 0.40420833333333334 0.546324074074074 0.014437500000000015 0.03371296296296304
2 0.30948437500000003 0.3485462962962963 0.009395833333333315 0.02660185185185187
2 0.5665989583333333 0.29798148148148146 0.014682291666666696 0.018564814814814774
2 0.7941874999999999 0.35203703703703704 0.005739583333333324 0.018027777777777802