3 0.3580729166666667 0.6476851851851851 0.08489583333333334 0.23055555555555557
3 0.5903645833333333 0.5606481481481481 0.043229166666666666 0.21388888888888888
8 0.7197916666666667 0.7967592592592593 0.05416666666666667 0.1675925925925926
3 0.5015625 0.7041666666666667 0.057291666666666664 0.22685185185185186
3 0.9723958333333333 0.6125 0.05416666666666667 0.2101851851851852
3 0.30494791666666665 0.5541666666666667 0.044270833333333336 0.225
3 0.42821875 0.47044444444444444 0.049817708333333384 0.20940740740740738
8 0.0703125 0.6476851851851851 0.042708333333333334 0.22685185185185186
3 0.53515625 0.33611111111111114 0.05364583333333333 0.20185185185185187
3 0.39039583333333333 0.5168796296296296 0.06099479166666662 0.24301851851851855
0 0.3606770833333333 0.3486111111111111 0.015104166666666667 0.028703703703703703
2 0.35703125 0.6046296296296296 0.019270833333333334 0.03148148148148148
2 0.4986979166666667 0.6671296296296296 0.0171875 0.026851851851851852
9 0.32838541666666665 0.2898148148148148 0.03177083333333333 0.020370370370370372
2 0.3875 0.28935185185185186 0.007291666666666667 0.017592592592592594
3 0.3859375 0.31574074074074077 0.041666666666666664 0.1814814814814815
2 0.371875 0.4625 0.008333333333333333 0.023148148148148147
2 0.5333333333333333 0.31574074074074077 0.00625 0.016666666666666666
2 0.30520833333333336 0.5111111111111111 0.011458333333333333 0.025925925925925925
2 0.5984375 0.5212962962962963 0.008333333333333333 0.024074074074074074
3 0.41051041666666666 0.5146574074074074 0.05296875000000002 0.2296759259259259
8 0.7222500000000001 0.3502314814814815 0.0284427083333334 0.18386111111111106
2 0.4278645833333333 0.4316111111111111 0.013359375000000047 0.020268518518518505