8 0.34739583333333335 0.375 0.04895833333333333 0.16666666666666666
3 0.3411458333333333 0.6361111111111111 0.07083333333333333 0.2
3 0.57109375 0.41805555555555557 0.0484375 0.21944444444444444
3 0.19088541666666667 0.8375 0.05260416666666667 0.25833333333333336
3 0.5638020833333334 0.35555555555555557 0.0578125 0.17777777777777778
3 0.7348958333333333 0.6611111111111111 0.05520833333333333 0.22037037037037038
8 0.3489583333333333 0.8199074074074074 0.052083333333333336 0.11944444444444445
3 0.8619791666666666 0.7523148148148148 0.052083333333333336 0.2490740740740741
3 0.212546875 0.42592592592592593 0.053218749999999974 0.21666666666666667
3 0.7781041666666667 0.5611111111111111 0.08129166666666662 0.22777777777777777
8 0.9869791666666666 0.6662037037037037 0.026041666666666668 0.2175925925925926
2 0.18776041666666668 0.7865740740740741 0.015104166666666667 0.030555555555555555
2 0.8580729166666666 0.7032407407407407 0.0109375 0.026851851851851852
2 0.771875 0.512962962962963 0.0125 0.020370370370370372
9 0.725 0.3037037037037037 0.03229166666666667 0.016666666666666666
2 0.5817708333333333 0.36574074074074076 0.010416666666666666 0.024074074074074074
0 0.5083333333333333 0.006944444444444444 0.01875 0.013888888888888888
2 0.7390625 0.6236111111111111 0.009375 0.021296296296296296
2 0.34479166666666666 0.6027777777777777 0.007291666666666667 0.014814814814814815
3 0.7382604166666666 0.5578703703703703 0.05568229166666659 0.20092592592592592
2 0.22265625 0.37916666666666665 0.0109375 0.019444444444444445
3 0.24400520833333333 0.4257962962962963 0.03634374999999999 0.2048425925925926