0 0.2840052083333333 0.24759259259259256 0.01740104166666671 0.03202777777777781
9 0.28677083333333336 0.259037037037037 0.044046874999999965 0.023703703703703723
3 0.38310416666666663 0.4270925925925926 0.08032812500000001 0.18938888888888886
3 0.42508854166666665 0.3893148148148148 0.07184895833333335 0.18946296296296297
3 0.520078125 0.49894444444444447 0.06998437499999995 0.22615740740740742
8 0.7296302083333334 0.30627777777777776 0.043229166666666666 0.20061111111111107
3 0.301515625 0.6309351851851852 0.10063541666666669 0.26454629629629633
3 0.37507291666666664 0.6535833333333333 0.06515104166666662 0.28372222222222226
3 0.38266666666666665 0.6662407407407407 0.10420833333333329 0.20548148148148154
3 0.3675729166666667 0.8695185185185186 0.061442708333333346 0.2609629629629629
8 0.6645364583333334 0.8917592592592593 0.05844270833333335 0.21648148148148144
3 0.8367708333333332 0.6704722222222222 0.06050520833333337 0.24687962962962953
3 0.8928072916666667 0.4211018518518519 0.05431770833333331 0.2505833333333333
3 0.9181562499999999 0.7178240740740741 0.09094791666666661 0.31841666666666657
2 0.9194322916666666 0.6447222222222222 0.03093750000000005 0.04549074074074084
2 0.30264062500000005 0.58 0.014421875000000028 0.04011111111111105
2 0.36160937499999996 0.581037037037037 0.010932291666666672 0.03556481481481489
2 0.4110416666666667 0.6362407407407408 0.014421875000000028 0.0301851851851851
8 0.007104166666666667 0.7097314814814815 0.014208333333333333 0.23577777777777767
2 0.8931510416666666 0.388037037037037 0.010177083333333314 0.019287037037037075
2 0.38395833333333335 0.4013333333333333 0.010161458333333328 0.023129629629629646
2 0.4165677083333333 0.36475 0.007270833333333352 0.016629629629629664
2 0.35574999999999996 0.8156203703703704 0.009010416666666642 0.03412962962962954