3 0.27406250000000004 0.5082685185185185 0.055557291666666675 0.22556481481481477
3 0.06141666666666667 0.6102037037037037 0.050921875000000005 0.24037962962962975
3 0.411734375 0.7515277777777778 0.07797916666666668 0.2586666666666666
3 0.708890625 0.7826018518518519 0.05735416666666661 0.2651759259259258
3 0.5271927083333333 0.5328055555555555 0.06204166666666661 0.25605555555555554
8 0.5124166666666666 0.8420555555555556 0.05261979166666665 0.25869444444444456
3 0.35872916666666665 0.3752407407407407 0.044755208333333366 0.21456481481481482
3 0.6660885416666668 0.6190925925925926 0.03683333333333323 0.22816666666666674
8 0.10895833333333332 0.3040462962962963 0.036020833333333314 0.19352777777777777
3 0.15671354166666665 0.32339814814814816 0.03637500000000002 0.21303703703703708
8 0.6533958333333333 0.30792592592592594 0.035255208333333364 0.15261111111111114
3 0.5554010416666666 0.2518611111111111 0.039000000000000055 0.236
2 0.35371874999999997 0.33546296296296296 0.00891666666666661 0.023499999999999997
0 0.5692083333333334 0.02664814814814815 0.016026041666666657 0.03099999999999999
9 0.6288750000000001 0.2311203703703704 0.03264062500000004 0.02072222222222222
3 0.5236197916666666 0.3338611111111111 0.041005208333333286 0.2050185185185185
2 0.2756354166666667 0.4656296296296296 0.009328125000000043 0.02475925925925927
2 0.5319583333333334 0.4669074074074074 0.011098958333333363 0.027620370370370354
2 0.7138385416666666 0.7242129629629629 0.009776041666666657 0.029879629629629614
2 0.16217708333333333 0.28326851851851853 0.009614583333333352 0.020398148148148124
2 0.5163802083333333 0.2952592592592593 0.008677083333333375 0.022555555555555568
2 0.5580625 0.2029074074074074 0.008119791666666742 0.019240740740740715