3 0.43790625 0.5216481481481482 0.06065104166666669 0.2655185185185185
8 0.7533854166666667 0.2833333333333333 0.043229166666666666 0.21296296296296297
8 0.8325520833333333 0.8967592592592593 0.08177083333333333 0.2064814814814815
3 0.3958333333333333 0.47175925925925927 0.06041666666666667 0.26944444444444443
3 0.3547083333333333 0.5110925925925927 0.053166666666666626 0.26108333333333333
3 0.6328125 0.7518518518518519 0.059375 0.25555555555555554
3 0.29216145833333335 0.4213981481481482 0.06748958333333333 0.1981203703703704
3 0.3646979166666667 0.76075 0.05359895833333338 0.23981481481481481
8 0.06588541666666667 0.6347222222222222 0.04010416666666667 0.26944444444444443
3 0.17838541666666666 0.4888888888888889 0.0453125 0.2518518518518518
2 0.4471354166666667 0.4703703703703704 0.016145833333333335 0.02962962962962963
2 0.64921875 0.7157407407407408 0.008854166666666666 0.03333333333333333
2 0.16953125 0.4425925925925926 0.009895833333333333 0.027777777777777776
2 0.365625 0.7300925925925926 0.013541666666666667 0.03611111111111111
9 0.34036458333333336 0.20925925925925926 0.03697916666666667 0.022222222222222223
2 0.35885416666666664 0.4601851851851852 0.009375 0.02962962962962963
0 0.34739583333333335 0.26937037037037037 0.015625 0.029777777777777747
3 0.3476770833333333 0.4403611111111111 0.06121874999999998 0.3063888888888889
3 0.99375 0.3939814814814815 0.0125 0.1935185185185185