0 0.30318229166666666 0.5268055555555556 0.024911458333333296 0.034537037037037
9 0.31952604166666665 0.21312037037037035 0.03656770833333335 0.023157407407407397
8 0.25072916666666667 0.3185648148148148 0.04982812500000001 0.20316666666666663
8 0.5135729166666666 0.8155 0.06536979166666672 0.1308333333333333
3 0.30611458333333336 0.5096481481481481 0.056276041666666644 0.21889814814814818
3 0.34092187500000004 0.3840092592592593 0.07482291666666671 0.19084259259259265
3 0.36198437499999997 0.4325833333333333 0.07368229166666668 0.24174074074074078
3 0.4003697916666667 0.45485185185185184 0.07042708333333335 0.2180277777777778
3 0.4150104166666667 0.5492592592592593 0.05936979166666667 0.2298796296296296
3 0.47665624999999995 0.5657407407407408 0.05546354166666667 0.22351851851851856
3 0.7573958333333334 0.4202962962962964 0.061317708333333346 0.22872222222222227
3 0.9255677083333332 0.658037037037037 0.060692708333333435 0.21721296296296289
3 0.98075 0.5483703703703704 0.03849479166666659 0.21366666666666667
3 0.21322395833333332 0.7741018518518519 0.11659374999999998 0.2051481481481481
2 0.2145625 0.7553055555555556 0.013328125000000017 0.027962962962963005
2 0.29776562500000003 0.46465740740740746 0.010786458333333353 0.03035185185185188
2 0.753984375 0.3861481481481482 0.007151041666666676 0.022120370370370356