9 0.25644791666666666 0.18670370370370368 0.034364583333333344 0.020555555555555546
8 0.207390625 0.31445370370370374 0.04608854166666667 0.19612037037037033
3 0.12204166666666666 0.6397592592592594 0.05845312500000001 0.24151851851851844
3 0.04721354166666667 0.6860092592592593 0.07900520833333333 0.2666388888888889
2 0.05821354166666667 0.6324814814814815 0.015578124999999998 0.03283333333333337
8 0.26696875000000003 0.7459629629629629 0.06246875000000003 0.2129722222222222
3 0.37905729166666663 0.7038518518518518 0.07017708333333333 0.2886203703703704
2 0.3742395833333333 0.651324074074074 0.014932291666666705 0.03168518518518521
3 0.3865208333333333 0.6109259259259259 0.08575000000000005 0.21011111111111117
4 0.40771875 0.5228611111111111 0.061984374999999994 0.2520833333333333
0 0.39371875 0.4990925925925926 0.015182291666666714 0.028379629629629713
3 0.4387916666666667 0.4973055555555556 0.06439583333333339 0.23980555555555558
3 0.3675729166666667 0.344712962962963 0.04721354166666671 0.1984074074074074
3 0.4130989583333333 0.24379629629629632 0.046406249999999954 0.18385185185185188
3 0.6571822916666666 0.38625925925925925 0.06792708333333337 0.21411111111111106
3 0.8093385416666667 0.32174074074074077 0.041749999999999926 0.22325
8 0.9708020833333334 0.30446296296296294 0.05379687499999998 0.19669444444444442
2 0.4178385416666667 0.4732037037037036 0.009635416666666667 0.026601851851851818
2 0.11643229166666667 0.6018333333333333 0.008208333333333328 0.019787037037036936
2 0.412046875 0.21333333333333335 0.011369791666666629 0.01273148148148148
2 0.6567604166666666 0.3523703703703704 0.005755208333333428 0.01455555555555558
2 0.804953125 0.28481481481481485 0.006593749999999924 0.017037037037037017