9 0.35548437499999996 0.31503703703703706 0.0330416666666667 0.023240740740740763
0 0.41265104166666666 0.1189537037037037 0.019015624999999994 0.029999999999999992
3 0.16876562499999997 0.816212962962963 0.06750520833333334 0.25819444444444434
8 0.059541666666666666 0.738037037037037 0.05253125000000001 0.2505925925925927
3 0.2764479166666666 0.7841018518518519 0.05561979166666665 0.24298148148148155
3 0.38163020833333333 0.5119537037037036 0.0729739583333334 0.19396296296296298
3 0.40979687499999995 0.4783611111111111 0.07131250000000004 0.18424074074074076
3 0.52425 0.43314814814814817 0.05253125000000001 0.17325925925925925
3 0.5309062499999999 0.35750000000000004 0.04254687499999997 0.18086111111111114
3 0.6381093750000001 0.6068240740740741 0.0962708333333334 0.22312037037037039
3 0.6515416666666667 0.8946944444444445 0.05371874999999993 0.21061111111111114
8 0.5057083333333333 0.9006018518518517 0.06394270833333332 0.19878703703703698
3 0.8151979166666667 0.9546944444444444 0.08533333333333341 0.09061111111111113
3 0.7569583333333333 0.3727129629629629 0.04111979166666657 0.18086111111111114
3 0.9737395833333333 0.5085740740740741 0.05252083333333341 0.25143518518518515
2 0.6347708333333333 0.5661296296296295 0.014156249999999915 0.03365740740740732
2 0.1604010416666667 0.7591018518518519 0.00781770833333333 0.031833333333333436
2 0.28785937500000003 0.7325555555555555 0.011312500000000014 0.03244444444444441
2 0.5307499999999999 0.3314259259259259 0.00809895833333337 0.01814814814814817
2 0.5250885416666666 0.4118703703703704 0.008432291666666696 0.018870370370370367