3 0.6513125 0.6531388888888888 0.0899322916666667 0.2946203703703704
4 0.6153697916666666 0.5405833333333334 0.06135416666666676 0.23847222222222217
3 0.5285989583333333 0.5197314814814814 0.05203124999999999 0.22457407407407404
3 0.47431249999999997 0.573462962962963 0.05834895833333332 0.2400833333333333
3 0.3848333333333333 0.6571481481481481 0.0550416666666667 0.24061111111111122
8 0.26693229166666665 0.7303981481481482 0.06466666666666668 0.22885185185185192
3 0.39340625 0.7146296296296296 0.07218229166666662 0.2849907407407407
3 0.5658958333333334 0.3737592592592593 0.052635416666666636 0.18073148148148144
3 0.3284375 0.3283055555555556 0.04692187499999996 0.20318518518518516
3 0.35761458333333335 0.24008333333333334 0.04150520833333336 0.18714814814814815
8 0.136546875 0.30825 0.04451562500000002 0.17377777777777775
9 0.1906875 0.1932962962962963 0.030078125 0.022990740740740725
8 0.8663645833333333 0.2948888888888889 0.05383854166666661 0.1940925925925926
3 0.7776354166666667 0.3221574074074074 0.040604166666666684 0.1973055555555556
2 0.6551875 0.588324074074074 0.013958333333333428 0.03325925925925933
2 0.3930677083333334 0.6527314814814815 0.008760416666666633 0.03642592592592585
2 0.35811458333333335 0.21296296296296297 0.011098958333333304 0.013481481481481483