3 0.62265625 0.3388888888888889 0.0703125 0.21666666666666667
3 0.02578125 0.8 0.0515625 0.32592592592592595
3 0.5856770833333333 0.3162037037037037 0.04635416666666667 0.2064814814814815
3 0.78203125 0.5675925925925925 0.050520833333333334 0.24074074074074073
3 0.11640625 0.5453703703703704 0.0515625 0.2574074074074074
8 0.3841145833333333 0.3101851851851852 0.04010416666666667 0.20555555555555555
3 0.3106770833333333 0.6074074074074074 0.05677083333333333 0.2462962962962963
3 0.69503125 0.5619444444444445 0.09952604166666675 0.28167592592592594
2 0.7067708333333333 0.5319444444444444 0.021875 0.032407407407407406
3 0.31455208333333334 0.34408333333333335 0.052473958333333334 0.240675925925926
9 0.7502604166666667 0.25416666666666665 0.03697916666666667 0.021296296296296296
2 0.5828125 0.2833333333333333 0.008333333333333333 0.018518518518518517
2 0.00703125 0.7291666666666666 0.011979166666666667 0.032407407407407406
2 0.31354166666666666 0.5592592592592592 0.010416666666666666 0.03148148148148148
3 0.341984375 0.3473425925925926 0.061916666666666606 0.1945092592592592
2 0.7841145833333333 0.5208333333333334 0.009895833333333333 0.032407407407407406
3 0.7015989583333333 0.5906851851851852 0.07050520833333328 0.27291666666666664
8 0.2830729166666667 0.8921296296296296 0.0515625 0.21574074074074073