5 0.5886875 0.6851018518518518 0.0675624999999999 0.31808333333333333
7 0.5442708333333334 0.6347777777777778 0.0688177083333334 0.25747222222222216
0 0.5854010416666667 0.549138888888889 0.02471354166666657 0.03725925925925927
3 0.6958229166666666 0.5210555555555556 0.07413541666666675 0.20575000000000004
3 0.8569114583333334 0.3578425925925926 0.05661458333333324 0.22632407407407412
8 0.6413958333333334 0.22576851851851854 0.03722395833333323 0.17127777777777775
3 0.4458958333333333 0.19908333333333333 0.040348958333333344 0.1779444444444445
3 0.40804687500000003 0.27943518518518523 0.03659895833333333 0.18295370370370373
3 0.4318177083333333 0.3564537037037037 0.0409791666666667 0.20130555555555552
3 0.41805729166666666 0.3175277777777778 0.0390989583333333 0.18350925925925923
3 0.26353125 0.6033518518518518 0.06913020833333335 0.21910185185185174
3 0.07538541666666668 0.6622962962962963 0.04566666666666667 0.23466666666666672
8 0.05552083333333333 0.5674907407407407 0.04347916666666667 0.21854629629629627
8 0.440890625 0.7846388888888889 0.07601041666666669 0.21910185185185174
9 0.31668749999999996 0.1826759259259259 0.030630208333333304 0.018490740740740714
2 0.5895989583333333 0.6490462962962963 0.008401041666666723 0.02822222222222224
2 0.26263020833333334 0.5659907407407407 0.010489583333333356 0.020546296296296347
2 0.4457760416666667 0.1665648148148148 0.006958333333333281 0.017490740740740727
2 0.6903958333333333 0.4880740740740741 0.012921874999999972 0.01991666666666666