3 0.46067708333333335 0.44722222222222224 0.06197916666666667 0.2111111111111111
3 0.3338541666666667 0.5537037037037037 0.065625 0.21851851851851853
3 0.38776041666666666 0.4027777777777778 0.05364583333333333 0.20555555555555555
8 0.5799479166666667 0.8731481481481481 0.0609375 0.2537037037037037
3 0.1015625 0.575925925925926 0.059375 0.22592592592592592
3 0.36770833333333336 0.8074074074074075 0.10729166666666666 0.2796296296296296
8 0.6794270833333333 0.4166666666666667 0.0421875 0.19444444444444445
8 0.014322916666666666 0.3907407407407407 0.028645833333333332 0.21296296296296297
3 0.5699947916666667 0.5281944444444445 0.07909375000000006 0.2442222222222222
3 0.31875 0.48009259259259257 0.042708333333333334 0.21388888888888888
0 0.5877604166666667 0.22361111111111112 0.0171875 0.030555555555555555
2 0.3841145833333333 0.7546296296296297 0.015104166666666667 0.03148148148148148
2 0.38619791666666664 0.362962962962963 0.0140625 0.020370370370370372
2 0.4635416666666667 0.41574074074074074 0.008333333333333333 0.020370370370370372
2 0.3234375 0.4486111111111111 0.008333333333333333 0.021296296296296296
2 0.33958333333333335 0.7648148148148148 0.013541666666666667 0.03333333333333333
2 0.33098958333333334 0.5092592592592593 0.0109375 0.024074074074074074
9 0.61328125 0.29583333333333334 0.033854166666666664 0.023148148148148147
2 0.103125 0.5337962962962963 0.010416666666666666 0.021296296296296296
3 0.08046875 0.45740740740740743 0.0578125 0.18333333333333332
3 0.3438697916666667 0.8307685185185185 0.06267708333333329 0.28012037037037024
3 0.5761875 0.5030648148148148 0.063671875 0.23819444444444443
2 0.07678125 0.4291388888888889 0.009390625000000015 0.020851851851851837
2 0.570546875 0.4785277777777777 0.00944270833333339 0.01962037037037042