8 0.8200520833333333 0.8861111111111111 0.06302083333333333 0.22777777777777777
8 0.7533854166666667 0.2833333333333333 0.044270833333333336 0.21296296296296297
3 0.6971354166666667 0.7625 0.09114583333333333 0.23425925925925925
3 0.3377604166666667 0.7527777777777778 0.058854166666666666 0.25555555555555554
3 0.45338541666666665 0.5273148148148148 0.0515625 0.275
3 0.368359375 0.4538796296296296 0.05589062499999997 0.2613333333333333
8 0.06588541666666667 0.6337962962962963 0.0421875 0.26944444444444443
3 0.27036458333333335 0.48061111111111104 0.06275000000000001 0.2603796296296297
3 0.32536458333333335 0.5400833333333332 0.051536458333333354 0.2587222222222223
0 0.33849999999999997 0.17848148148148146 0.01660937500000005 0.028435185185185168
2 0.33541666666666664 0.7222222222222222 0.013541666666666667 0.03518518518518519
9 0.340625 0.20972222222222223 0.0375 0.023148148148148147
2 0.33255208333333336 0.48194444444444445 0.0078125 0.028703703703703703
3 0.39544270833333334 0.43910185185185185 0.036015625000000044 0.2300555555555556
3 0.30949479166666666 0.4865833333333333 0.08303645833333337 0.2478703703703704
3 0.9934895833333334 0.38935185185185184 0.013020833333333334 0.2175925925925926
2 0.35970833333333335 0.41133333333333333 0.008890624999999966 0.01955555555555556
2 0.30325 0.4280555555555556 0.009583333333333381 0.026287037037037025