3 0.19146875 0.6716944444444444 0.053005208333333324 0.19565740740740736
3 0.13881770833333332 0.654787037037037 0.06560416666666667 0.22100925925925932
8 0.46886458333333336 0.7164814814814814 0.06156250000000003 0.19565740740740736
3 0.31543229166666664 0.5075185185185185 0.05752604166666669 0.22565740740740745
3 0.3084166666666667 0.3547592592592593 0.07154687500000007 0.18382407407407406
9 0.352984375 0.21319444444444444 0.029947916666666668 0.022398148148148146
3 0.388640625 0.38180555555555556 0.047062499999999945 0.22270370370370368
3 0.38067708333333333 0.4335648148148148 0.054911458333333364 0.20622222222222225
3 0.42821875 0.4350462962962963 0.053005208333333324 0.22523148148148148
3 0.47670833333333335 0.45279629629629625 0.04682812500000004 0.22776851851851854
3 0.53934375 0.49484259259259256 0.09840625000000003 0.24424999999999997
3 0.7453125 0.689861111111111 0.0615624999999999 0.2505925925925925
8 0.26503645833333334 0.2998240740740741 0.0423125 0.17029629629629625
0 0.3157864583333333 0.10374074074074074 0.017354166666666632 0.031694444444444435
2 0.19188020833333336 0.6584907407407407 0.011000000000000003 0.03185185185185194
2 0.1386875 0.6150555555555556 0.011786458333333331 0.032129629629629675
2 0.3055 0.46292592592592585 0.01068749999999999 0.029611111111111074
2 0.7485052083333333 0.6484351851851852 0.011630208333333296 0.03185185185185194