3 0.496875 0.5824074074074074 0.08333333333333333 0.2
3 0.73515625 0.43194444444444446 0.06302083333333333 0.19907407407407407
3 0.6348958333333333 0.6601851851851852 0.05625 0.1962962962962963
3 0.5130208333333334 0.3773148148148148 0.07083333333333333 0.1712962962962963
8 0.1375 0.7101851851851851 0.0625 0.21666666666666667
3 0.8713541666666667 0.42314814814814816 0.0625 0.19074074074074074
3 0.8836927083333334 0.36018518518518516 0.07323437500000006 0.1685185185185185
3 0.303578125 0.34467592592592594 0.09158333333333332 0.1638888888888889
4 0.42284895833333336 0.31712962962962965 0.05534895833333332 0.15462962962962962
2 0.30416666666666664 0.31666666666666665 0.011458333333333333 0.022222222222222223
8 0.6520833333333333 0.3111111111111111 0.04791666666666667 0.13518518518518519
3 0.69765625 0.3592592592592593 0.03697916666666667 0.1574074074074074
0 0.4029635416666667 0.3074722222222222 0.013880208333333382 0.025092592592592614