9 0.28008854166666663 0.25187037037037036 0.02947395833333332 0.017527777777777732
8 0.243734375 0.3469351851851852 0.04226041666666666 0.14787037037037032
6 0.26396875 0.3936203703703704 0.03749999999999997 0.24231481481481484
3 0.2805625 0.45393518518518516 0.04835937499999998 0.20845370370370375
3 0.3904479166666667 0.34388888888888886 0.045828125000000004 0.1756481481481482
3 0.34506770833333333 0.5196759259259259 0.0934479166666667 0.15687037037037038
3 0.3920885416666666 0.4977129629629629 0.04910416666666665 0.1986666666666666
3 0.331953125 0.6449722222222223 0.09453125 0.23359259259259257
8 0.3212760416666667 0.7737685185185185 0.07354687500000003 0.2368333333333333
3 0.38633854166666665 0.6360462962962963 0.08577083333333337 0.20276851851851851
3 0.5798697916666666 0.4843796296296296 0.08960416666666665 0.2095833333333333
3 0.5195572916666666 0.31762037037037033 0.06679166666666674 0.16675925925925927
8 0.8234947916666666 0.36530555555555555 0.036317708333333344 0.17259259259259258
3 0.8721302083333333 0.4769166666666667 0.06824999999999998 0.21412037037037038
2 0.38838020833333337 0.6011944444444444 0.013718749999999957 0.026333333333333382
2 0.3376822916666667 0.5979537037037037 0.013843749999999962 0.03194444444444444
2 0.356140625 0.49746296296296294 0.011411458333333376 0.022666666666666682
2 0.40197916666666667 0.45979629629629626 0.007890625000000047 0.025907407407407424
0 0.28356250000000005 0.2134074074074074 0.01616666666666665 0.027907407407407395
2 0.39563020833333334 0.31427777777777777 0.002963541666666695 0.012231481481481515
2 0.5245104166666666 0.2972314814814815 0.0058125000000000425 0.01374074074074077
2 0.2593958333333333 0.36497222222222225 0.00678124999999999 0.016722222222222173
2 0.2922864583333334 0.41568518518518516 0.009640624999999995 0.024537037037037038