4 0.8344791666666667 0.5725648148148148 0.08109374999999991 0.2360740740740741
3 0.6767187499999999 0.5297592592592593 0.06303125 0.24111111111111103
3 0.630859375 0.516537037037037 0.07259375000000005 0.23229629629629625
3 0.5986354166666668 0.48663888888888895 0.07542708333333342 0.22412037037037033
3 0.4853177083333333 0.29085185185185186 0.042848958333333326 0.2039722222222222
3 0.324546875 0.3135092592592592 0.037890625 0.1913796296296296
3 0.30684374999999997 0.24898148148148147 0.03576562500000004 0.2083796296296296
3 0.28311458333333334 0.5697314814814814 0.05064062500000001 0.212787037037037
3 0.14536458333333335 0.6915555555555556 0.06834375000000001 0.2549629629629629
3 0.5363125 0.20113888888888884 0.04568229166666669 0.1806759259259259
8 0.5910208333333333 0.20397222222222222 0.05453645833333335 0.16871296296296295
9 0.21349479166666668 0.15925925925925927 0.03422395833333335 0.021074074074074065
2 0.12947395833333333 0.6402685185185185 0.008786458333333321 0.03488888888888895
2 0.8253854166666666 0.5191944444444445 0.012156250000000075 0.026037037037036935
8 0.7631354166666667 0.7918796296296297 0.05845312500000001 0.26171296296296304
2 0.5344010416666667 0.16967592592592592 0.012192708333333318 0.015333333333333336
2 0.6649791666666667 0.48798148148148146 0.01548958333333322 0.027759259259259275
2 0.4923541666666667 0.253537037037037 0.006223958333333357 0.018472222222222265
2 0.2879791666666666 0.5311203703703704 0.010677083333333334 0.021027777777777812