3 0.5182291666666666 0.5263888888888889 0.08333333333333333 0.21203703703703702
3 0.24791666666666667 0.7328703703703704 0.06354166666666666 0.23796296296296296
3 0.41692708333333334 0.5305555555555556 0.07760416666666667 0.23333333333333334
3 0.5875 0.7486111111111111 0.06666666666666667 0.2675925925925926
8 0.6276041666666666 0.32685185185185184 0.035416666666666666 0.18703703703703703
8 0.4934895833333333 0.8449074074074074 0.050520833333333334 0.22685185185185186
3 0.44375 0.6703703703703704 0.06041666666666667 0.2351851851851852
3 0.43475 0.3449074074074074 0.06950000000000003 0.18611111111111112
3 0.485828125 0.4438518518518519 0.0633177083333333 0.2136388888888889
8 0.01015625 0.3375 0.0203125 0.20462962962962963
2 0.38046875 0.4125 0.0109375 0.026851851851851852
2 0.53984375 0.4810185185185185 0.011979166666666667 0.026851851851851852
2 0.2520833333333333 0.687037037037037 0.013541666666666667 0.03333333333333333
2 0.4088541666666667 0.4009259259259259 0.007291666666666667 0.024074074074074074
2 0.5880208333333333 0.6888888888888889 0.010416666666666666 0.03148148148148148
3 0.3927083333333333 0.25462962962962965 0.04479166666666667 0.18518518518518517
9 0.5736979166666667 0.22453703703703703 0.0328125 0.021296296296296296
2 0.41510416666666666 0.4898148148148148 0.019791666666666666 0.03148148148148148
4 0.37526041666666665 0.45 0.0453125 0.19814814814814816
3 0.4088541666666667 0.4236111111111111 0.04479166666666667 0.25462962962962965
2 0.39495833333333336 0.2157314814814815 0.010645833333333361 0.0227777777777778