3 0.4390625 0.7606481481481482 0.05625 0.23796296296296296
3 0.90625 0.637962962962963 0.052083333333333336 0.23333333333333334
3 0.6515625 0.6023148148148149 0.041666666666666664 0.2212962962962963
8 0.7330729166666666 0.35694444444444445 0.0453125 0.175
3 0.4473958333333333 0.3439814814814815 0.03958333333333333 0.16203703703703703
3 0.3380208333333333 0.6981481481481482 0.06041666666666667 0.25555555555555554
2 0.43515625 0.7208333333333333 0.015104166666666667 0.026851851851851852
3 0.5375 0.35138888888888886 0.040625 0.1935185185185185
8 0.7763020833333333 0.8611111111111112 0.0390625 0.18518518518518517
8 0.07265625 0.6620370370370371 0.05364583333333333 0.22037037037037038
0 0.43723958333333335 0.03611111111111111 0.0171875 0.027777777777777776
3 0.367953125 0.5547314814814815 0.04911458333333331 0.2125
2 0.9091145833333333 0.5953703703703703 0.011979166666666667 0.025925925925925925
3 0.3921875 0.3998888888888889 0.05 0.10904629629629628
3 0.40299999999999997 0.5271018518518519 0.062447916666666714 0.21679629629629624
2 0.32864583333333336 0.6328703703703704 0.011458333333333333 0.028703703703703703
2 0.3966145833333333 0.4111111111111111 0.011979166666666667 0.016666666666666666
2 0.37526041666666665 0.5106481481481482 0.009895833333333333 0.025
9 0.32838541666666665 0.2912037037037037 0.03177083333333333 0.019444444444444445
2 0.659375 0.5587962962962963 0.007291666666666667 0.025
2 0.5369791666666667 0.3226851851851852 0.007291666666666667 0.01574074074074074
3 0.420140625 0.5286203703703704 0.06526041666666664 0.20465740740740737