3 0.36320833333333336 0.7132037037037037 0.08587499999999994 0.24321296296296302
8 0.10796875 0.2859537037037037 0.059765625 0.18831481481481482
3 0.043166666666666666 0.5564814814814815 0.04630729166666667 0.2309166666666666
3 0.180859375 0.2901388888888889 0.05317708333333335 0.1983055555555555
3 0.7216770833333332 0.7529537037037037 0.05536979166666664 0.25499074074074063
3 0.25140104166666666 0.47224074074074074 0.042239583333333344 0.22371296296296303
3 0.35097395833333334 0.3417777777777778 0.04523437499999995 0.20508333333333334
3 0.6669739583333333 0.5878796296296296 0.03634895833333331 0.23018518518518516
8 0.5121041666666667 0.8190185185185185 0.058645833333333286 0.26926851851851846
3 0.4768854166666667 0.48642592592592593 0.03435937500000001 0.26414814814814813
4 0.54859375 0.2696296296296296 0.045692708333333346 0.22690740740740745
3 0.5119635416666667 0.3275740740740741 0.06665104166666662 0.19571296296296298
8 0.6575572916666667 0.28185185185185185 0.03552083333333324 0.14795370370370367
2 0.3511458333333334 0.302462962962963 0.009468750000000033 0.022546296296296318
9 0.6332395833333333 0.20944444444444443 0.031171874999999953 0.02175925925925926
2 0.7212552083333333 0.7004166666666667 0.011369791666666629 0.031731481481481465
2 0.25576041666666666 0.42586111111111113 0.0077135416666666385 0.0246388888888889
0 0.5622968749999999 0.17712037037037037 0.01627083333333322 0.028648148148148145
2 0.5070729166666667 0.28093518518518523 0.010135416666666685 0.022342592592592588
2 0.05052604166666667 0.5155925925925926 0.007661458333333338 0.021416666666666768
2 0.48341666666666666 0.42141666666666666 0.006989583333333371 0.0253981481481481
2 0.18019270833333334 0.2563518518518519 0.008484374999999982 0.019379629629629583