7 0.64996875 0.49129629629629634 0.12231770833333329 0.2191851851851852
3 0.5283072916666666 0.6277777777777778 0.04749479166666663 0.22150000000000003
3 0.47690625 0.649175925925926 0.08848437500000005 0.144
3 0.3529635416666667 0.6459907407407407 0.08197916666666671 0.2162962962962962
8 0.26138541666666665 0.3657962962962963 0.03741145833333333 0.16250925925925924
8 0.867765625 0.3675277777777778 0.04652083333333342 0.19142592592592594
8 0.41152083333333334 0.8570833333333333 0.06701562500000004 0.23133333333333325
3 0.4673072916666667 0.8148703703703704 0.06994270833333331 0.2718148148148148
3 0.5484739583333333 0.5595370370370369 0.049447916666666696 0.15903703703703703
3 0.5437552083333334 0.7379537037037037 0.07319270833333338 0.27297222222222217
3 0.44990625 0.37360185185185185 0.04619270833333336 0.18506481481481482
3 0.47706770833333334 0.29408333333333336 0.04521874999999997 0.19026851851851853
9 0.29538020833333334 0.2695 0.031229166666666686 0.03007407407407409
2 0.5468697916666667 0.674712962962963 0.02286979166666659 0.03420370370370376
2 0.4613802083333333 0.6313055555555555 0.012343750000000023 0.026138888888888906
2 0.5314427083333333 0.5751666666666666 0.019604166666666718 0.028722222222222205
5 0.7622864583333333 0.45375 0.042375000000000065 0.2623888888888889
0 0.6680104166666666 0.18655555555555556 0.016494791666666706 0.03943518518518516
2 0.48553125 0.2644074074074074 0.005369791666666638 0.016824074074074036