0 0.3805520833333333 0.2610648148148148 0.01417187500000002 0.029657407407407382
9 0.33797916666666666 0.33132407407407405 0.03411979166666666 0.024111111111111076
8 0.29671875000000003 0.4287777777777777 0.041255208333333356 0.1550648148148148
3 0.47838020833333333 0.4541574074074074 0.053390625 0.17130555555555554
3 0.42802604166666663 0.7494814814814815 0.06840624999999996 0.24932407407407406
3 0.45435416666666667 0.678 0.042072916666666654 0.2610185185185186
3 0.643109375 0.8046944444444445 0.07040624999999992 0.28036111111111106
3 0.6888020833333334 0.8861111111111111 0.06197916666666667 0.22777777777777777
3 0.81440625 0.5535925925925926 0.07584374999999995 0.2625462962962963
3 0.8534739583333334 0.5645277777777779 0.054953125000000116 0.2813796296296296
8 0.9756770833333334 0.44063888888888886 0.04864062499999993 0.20759259259259263
8 0.44147916666666664 0.9131574074074075 0.05294791666666671 0.1736851851851851
3 0.596171875 0.3854259259259259 0.06124999999999995 0.2050555555555556
3 0.5053020833333333 0.6683333333333333 0.06783333333333334 0.21013888888888893
2 0.42025 0.7039722222222222 0.01604687499999997 0.03162037037037045
2 0.46008333333333334 0.6254351851851853 0.019916666666666673 0.029907407407407365
2 0.49740104166666665 0.6144351851851853 0.014890624999999958 0.02302777777777768
2 0.640578125 0.7486574074074074 0.02204166666666675 0.03162037037037045
2 0.6852395833333333 0.8583148148148149 0.013921875000000009 0.035064814814814715
3 0.4897604166666667 0.5411203703703703 0.04267187500000003 0.12699074074074082
2 0.5966927083333334 0.35285185185185186 0.006640625 0.018657407407407386
2 0.8110572916666666 0.5009722222222222 0.013276041666666552 0.02050000000000009