8 0.5723958333333333 0.8782407407407408 0.08125 0.24166666666666667
3 0.3028645833333333 0.8342592592592593 0.0765625 0.3074074074074074
3 0.46015625 0.43842592592592594 0.05364583333333333 0.23425925925925925
8 0.68671875 0.39351851851851855 0.0515625 0.2074074074074074
3 0.3450520833333333 0.4041666666666667 0.0484375 0.21944444444444444
3 0.031510416666666666 0.6337962962962963 0.0546875 0.23981481481481481
3 0.56640625 0.48009259259259257 0.06302083333333333 0.2490740740740741
3 0.20182291666666666 0.8287037037037037 0.0609375 0.31851851851851853
3 0.4557291666666667 0.5537037037037037 0.052083333333333336 0.22962962962962963
3 0.30182291666666666 0.4740740740740741 0.033854166666666664 0.23148148148148148
2 0.33932291666666664 0.3574074074074074 0.0140625 0.020370370370370372
2 0.3046875 0.7657407407407407 0.023958333333333335 0.03333333333333333
3 0.54609375 0.45092592592592595 0.0640625 0.24074074074074073
2 0.19921875 0.7587962962962963 0.015104166666666667 0.03796296296296296
2 0.5713541666666667 0.4351851851851852 0.010416666666666666 0.020370370370370372
2 0.46536458333333336 0.4023148148148148 0.008854166666666666 0.021296296296296296
9 0.6140625 0.2689814814814815 0.036458333333333336 0.023148148148148147
0 0.6072916666666667 0.3189814814814815 0.017708333333333333 0.030555555555555555
2 0.30703125 0.43472222222222223 0.0067708333333333336 0.021296296296296296
3 0.014583333333333334 0.48935185185185187 0.029166666666666667 0.22870370370370371
1 0.6139843749999999 0.29529629629629633 0.036906250000000064 0.0783981481481481