3 0.1734375 0.46620370370370373 0.075 0.20092592592592592
3 0.4080729166666667 0.2902777777777778 0.044270833333333336 0.19907407407407407
3 0.47942708333333334 0.3680555555555556 0.050520833333333334 0.21203703703703702
8 0.022395833333333334 0.3287037037037037 0.04479166666666667 0.2
3 0.30807291666666664 0.4935185185185185 0.050520833333333334 0.23333333333333334
8 0.5994791666666667 0.8398148148148148 0.058333333333333334 0.32037037037037036
8 0.7098958333333333 0.36666666666666664 0.03958333333333333 0.20925925925925926
3 0.6283854166666667 0.4685185185185185 0.049479166666666664 0.2462962962962963
3 0.5986979166666667 0.4222222222222222 0.0671875 0.22407407407407406
3 0.3177083333333333 0.4207314814814815 0.034375 0.22294444444444442
3 0.4361979166666667 0.7444444444444445 0.07135416666666666 0.34814814814814815
3 0.15 0.37083333333333335 0.053125 0.2064814814814815
2 0.40989583333333335 0.25416666666666665 0.0125 0.019444444444444445
0 0.5096354166666667 0.21574074074074073 0.0203125 0.037037037037037035
2 0.63046875 0.4134259259259259 0.0109375 0.026851851851851852
9 0.6369791666666667 0.225 0.035416666666666666 0.022222222222222223
3 0.46131770833333335 0.7208333333333333 0.054447916666666644 0.29907407407407405
2 0.43333333333333335 0.7148148148148148 0.011458333333333333 0.02962962962962963
2 0.4713541666666667 0.33055555555555555 0.008333333333333333 0.020370370370370372
2 0.146875 0.3351851851851852 0.009375 0.020370370370370372
2 0.171875 0.4310185185185185 0.009375 0.019444444444444445
2 0.60234375 0.38333333333333336 0.013020833333333334 0.020370370370370372
2 0.31253125 0.4356759259259259 0.008020833333333382 0.025481481481481466