9 0.2951666666666667 0.23402777777777778 0.037578125000000046 0.026805555555555572
3 0.30320312499999996 0.5388055555555555 0.08528645833333333 0.20743518518518517
3 0.3562291666666667 0.42762037037037043 0.0479583333333333 0.2557777777777778
3 0.37328645833333335 0.4528888888888889 0.05735416666666661 0.24479629629629623
3 0.41370312499999995 0.4825555555555555 0.07243229166666663 0.21447222222222218
3 0.44127083333333333 0.5937407407407408 0.052901041666666634 0.24875000000000003
3 0.497140625 0.5864907407407407 0.07762499999999999 0.23951851851851858
3 0.7884739583333332 0.42981481481481476 0.10654687500000008 0.230287037037037
3 0.95115625 0.6656018518518518 0.09768749999999997 0.23424074074074075
8 0.5384218749999999 0.8262314814814815 0.05537500000000003 0.1054722222222223
3 0.222859375 0.7893148148148148 0.08924479166666664 0.20919444444444452
8 0.23744270833333334 0.3456574074074074 0.06353125000000001 0.18150925925925923
2 0.3135833333333334 0.5137592592592592 0.011124999999999947 0.030759259259259285
2 0.5121145833333334 0.5415925925925925 0.009901041666666662 0.02963888888888888
2 0.22727083333333334 0.7646851851851852 0.01441666666666664 0.03365740740740732
0 0.33574479166666665 0.42436111111111113 0.020817708333333348 0.04009259259259255