3 0.5661458333333333 0.3726851851851852 0.07395833333333333 0.19166666666666668
3 0.35104166666666664 0.6351851851851852 0.07083333333333333 0.2
3 0.7533854166666667 0.6726851851851852 0.0578125 0.20833333333333334
3 0.8565104166666667 0.7384259259259259 0.05364583333333333 0.25277777777777777
8 0.3377604166666667 0.8013888888888889 0.04010416666666667 0.15648148148148147
3 0.19401041666666666 0.8361111111111111 0.05677083333333333 0.25925925925925924
3 0.76875 0.5606481481481481 0.078125 0.21574074074074073
8 0.3541666666666667 0.37083333333333335 0.04479166666666667 0.175
3 0.19394270833333332 0.41944444444444445 0.06247395833333336 0.20555555555555555
2 0.18697916666666667 0.7856481481481481 0.015625 0.030555555555555555
2 0.7513020833333334 0.5203703703703704 0.0140625 0.020370370370370372
0 0.6067708333333334 0.07685185185185185 0.016666666666666666 0.02962962962962963
2 0.1984375 0.3787037037037037 0.0125 0.018518518518518517
2 0.5807291666666666 0.3773148148148148 0.014583333333333334 0.025
8 0.9872395833333333 0.663425925925926 0.025520833333333333 0.22685185185185186
2 0.8557291666666667 0.6888888888888889 0.011458333333333333 0.027777777777777776
9 0.725 0.3037037037037037 0.03125 0.016666666666666666
2 0.76171875 0.6398148148148148 0.0078125 0.020370370370370372
3 0.20655729166666664 0.437462962962963 0.05963020833333334 0.12363888888888892
3 0.7290208333333333 0.5504074074074075 0.03868229166666666 0.17749074074074078
3 0.5713802083333334 0.421462962962963 0.049421874999999935 0.20611111111111113