3 0.147078125 0.6529166666666667 0.05916666666666668 0.23291666666666663
3 0.195890625 0.6715185185185185 0.05198437499999997 0.19948148148148154
8 0.465421875 0.7284259259259259 0.06106770833333333 0.17356481481481487
3 0.5568177083333333 0.5009629629629629 0.068890625 0.2385555555555555
3 0.48528645833333334 0.4429166666666667 0.04585416666666665 0.2216481481481481
3 0.41840625000000004 0.43577777777777776 0.06339583333333335 0.22540740740740745
3 0.38026041666666666 0.4346574074074075 0.053041666666666626 0.20211111111111113
3 0.3179270833333333 0.5045277777777778 0.056843750000000054 0.2246481481481482
3 0.29636979166666666 0.3559537037037037 0.08008854166666665 0.17994444444444446
9 0.352578125 0.2133796296296296 0.03148437500000002 0.021037037037037062
8 0.262875 0.29847222222222225 0.042265625000000015 0.16416666666666666
0 0.30805208333333334 0.09937962962962962 0.019588541666666615 0.03423148148148148
3 0.7408333333333333 0.6899814814814814 0.06483854166666655 0.25578703703703703
2 0.745984375 0.6453796296296296 0.011911458333333276 0.02973148148148139
2 0.30516666666666664 0.46032407407407405 0.011953125000000024 0.028129629629629678
2 0.19134375 0.6570555555555556 0.012130208333333314 0.029064814814814908
2 0.14484895833333333 0.6079907407407408 0.011250000000000012 0.027185185185185094
3 0.3876822916666667 0.3825 0.045713541666666656 0.22738888888888886
2 0.48253645833333336 0.4085740740740741 0.005994791666666662 0.02066666666666671