3 0.43802083333333336 0.5412037037037037 0.09270833333333334 0.25462962962962965
3 0.7916666666666666 0.5652777777777778 0.07291666666666667 0.25277777777777777
8 0.29244791666666664 0.8805555555555555 0.07552083333333333 0.2388888888888889
3 0.54765625 0.3333333333333333 0.058854166666666666 0.21851851851851853
8 0.38333333333333336 0.32037037037037036 0.03854166666666667 0.2074074074074074
3 0.7 0.5935185185185186 0.06666666666666667 0.2777777777777778
3 0.5744791666666667 0.36018518518518516 0.06458333333333334 0.22962962962962963
3 0.05416666666666667 0.5717592592592593 0.03958333333333333 0.2638888888888889
3 0.251640625 0.36375 0.04253645833333334 0.21727777777777774
2 0.70234375 0.5324074074074074 0.021354166666666667 0.03333333333333333
0 0.76015625 0.3101851851851852 0.0171875 0.03333333333333333
2 0.5421875 0.3 0.008333333333333333 0.020370370370370372
2 0.7986979166666667 0.5199074074074074 0.011979166666666667 0.030555555555555555
9 0.7502604166666667 0.262037037037037 0.03802083333333333 0.020370370370370372
3 0.0140625 0.8189814814814815 0.028125 0.2861111111111111
3 0.6705729166666666 0.5615740740740741 0.09635416666666667 0.262037037037037
3 0.26284375 0.3476018518518519 0.06441145833333331 0.183
2 0.44465625000000003 0.49425925925925923 0.00824479166666663 0.027537037037037044