3 0.35104166666666664 0.6439814814814815 0.07291666666666667 0.23981481481481481
3 0.59375 0.575925925925926 0.04791666666666667 0.22407407407407406
3 0.3106770833333333 0.5518518518518518 0.04635416666666667 0.21851851851851853
3 0.49244791666666665 0.7157407407407408 0.0671875 0.2222222222222222
8 0.72421875 0.7958333333333333 0.04114583333333333 0.1675925925925926
3 0.4301510416666667 0.4652777777777778 0.06261458333333335 0.2101851851851852
3 0.5338541666666666 0.3435185185185185 0.053125 0.18518518518518517
3 0.965625 0.611574074074074 0.041666666666666664 0.22870370370370371
2 0.48880208333333336 0.6814814814814815 0.0171875 0.027777777777777776
2 0.34270833333333334 0.5921296296296297 0.019791666666666666 0.028703703703703703
8 0.06848958333333334 0.6472222222222223 0.0421875 0.22407407407407406
3 0.3867760416666667 0.5220555555555556 0.05480208333333335 0.23622222222222228
0 0.34296875 0.31296296296296294 0.015104166666666667 0.025925925925925925
2 0.5322916666666667 0.31296296296296294 0.00625 0.016666666666666666
3 0.40872916666666664 0.5193425925925926 0.05704166666666666 0.22387037037037036
2 0.3828125 0.28935185185185186 0.007291666666666667 0.017592592592592594
2 0.3140625 0.5097222222222222 0.010416666666666666 0.025
2 0.37786458333333334 0.4685185185185185 0.008854166666666666 0.024074074074074074
9 0.328125 0.2902777777777778 0.03125 0.021296296296296296
2 0.60703125 0.5300925925925926 0.008854166666666666 0.025
3 0.38307291666666665 0.31574074074074077 0.0421875 0.17777777777777778
2 0.22447916666666667 0.06574074074074074 0.007291666666666667 0.016666666666666666
8 0.7234375 0.3527777777777778 0.03229166666666667 0.18333333333333332
1 0.3316145833333334 0.302462962962963 0.03831249999999997 0.04693518518518513