9 0.30068229166666666 0.16552777777777777 0.03345833333333334 0.027388888888888876
3 0.10532812500000001 0.6341388888888889 0.05833333333333335 0.24457407407407417
3 0.25490104166666666 0.5732962962962963 0.06779687499999998 0.24653703703703703
8 0.449265625 0.7818703703703703 0.0620729166666667 0.256712962962963
3 0.5097968749999999 0.5791574074074074 0.06427604166666664 0.22226851851851848
3 0.5339010416666666 0.6912777777777778 0.07373958333333329 0.1944907407407407
4 0.5778177083333333 0.7644537037037037 0.09113020833333328 0.20857407407407408
3 0.6103958333333334 0.6206388888888889 0.07264062499999989 0.25827777777777783
3 0.5400677083333334 0.3320370370370371 0.04996875000000003 0.1976203703703704
3 0.6172187499999999 0.21953703703703703 0.03433854166666658 0.17296296296296299
8 0.6566197916666667 0.20113888888888887 0.03742187499999995 0.17375000000000004
3 0.35318229166666665 0.32988888888888884 0.04292187500000004 0.1933148148148148
3 0.35318229166666665 0.25710185185185186 0.050406249999999986 0.1776574074074074
2 0.5755104166666667 0.7095277777777778 0.017515625000000055 0.02552777777777772
0 0.590796875 0.7817777777777778 0.016859374999999944 0.032027777777777704
2 0.6237447916666666 0.1856574074074074 0.006692708333333286 0.018638888888888885
2 0.10604166666666666 0.5936388888888889 0.0076406250000000085 0.022240740740740724
2 0.26064583333333335 0.5248796296296296 0.00884375000000001 0.020953703703703804
2 0.3562291666666667 0.23455555555555554 0.00689062500000001 0.018555555555555547
2 0.6032031250000001 0.5776759259259259 0.008677083333333257 0.022296296296296227
2 0.512421875 0.5270092592592592 0.01509375000000001 0.021046296296296313
2 0.5445416666666667 0.6606574074074074 0.010270833333333229 0.017277777777777854