3 0.6761458333333333 0.8232592592592591 0.05858333333333334 0.3001944444444444
3 0.6146041666666666 0.5412222222222222 0.06871875000000002 0.3046574074074074
3 0.13569791666666667 0.6034722222222222 0.09328125000000001 0.24153703703703716
3 0.4618229166666667 0.8313611111111111 0.12603125 0.2718425925925925
3 0.027015624999999998 0.39612037037037034 0.05378645833333333 0.25570370370370366
8 0.38686979166666663 0.9184166666666667 0.04045833333333337 0.16316666666666668
3 0.4076197916666667 0.4387592592592593 0.03920312499999999 0.2563981481481482
3 0.44271354166666665 0.3127037037037037 0.04624999999999998 0.22936111111111115
8 0.6790260416666667 0.31301851851851853 0.05145312499999998 0.17789814814814814
0 0.6242968750000001 0.3527314814814815 0.019359375000000036 0.03424074074074076
3 0.6675208333333333 0.6655462962962962 0.05667187499999997 0.24938888888888883
9 0.6383177083333333 0.22776851851851854 0.03846354166666662 0.02459259259259257
2 0.6160729166666666 0.4807777777777778 0.013328125000000076 0.03129629629629625
2 0.6765104166666667 0.6258518518518518 0.012369791666666666 0.03423148148148151
2 0.6817552083333334 0.7658981481481482 0.012703124999999933 0.035111111111111176
2 0.4362291666666666 0.2778888888888889 0.007546875000000005 0.019453703703703695
2 0.41479166666666667 0.3970648148148148 0.005937500000000048 0.024138888888888935
2 0.021296875 0.34850925925925924 0.018088541666666662 0.022462962962962955
2 0.4602395833333333 0.7785462962962963 0.01306770833333329 0.038101851851851935