0 0.5335989583333334 0.2898981481481481 0.016703125000000027 0.029694444444444492
5 0.5742552083333333 0.6702407407407408 0.04615104166666673 0.3262314814814814
7 0.606890625 0.6725925925925925 0.10307291666666671 0.3340462962962963
3 0.6741406249999999 0.5161111111111111 0.04813020833333326 0.22582407407407412
3 0.44052604166666665 0.34029629629629626 0.04636979166666665 0.17112962962962958
3 0.39470312500000004 0.3828888888888889 0.045713541666666656 0.187537037037037
3 0.3839375 0.32037037037037036 0.04263541666666661 0.18285185185185188
3 0.4627239583333333 0.22367592592592592 0.03933854166666665 0.17854629629629634
8 0.6554583333333334 0.2555185185185185 0.034505208333333336 0.17815740740740738
3 0.85984375 0.37643518518518515 0.046812500000000055 0.24652777777777773
8 0.43284895833333337 0.7765648148148149 0.0520416666666667 0.28038888888888885
3 0.2637083333333334 0.6279074074074074 0.06029687500000002 0.20874074074074078
3 0.08425520833333335 0.6874259259259259 0.05235937500000001 0.22623148148148142
8 0.05949999999999999 0.59575 0.05172395833333333 0.2121203703703703
9 0.32659374999999996 0.21300925925925926 0.03470833333333338 0.02475000000000002
2 0.5864791666666667 0.6548333333333334 0.0085208333333334 0.02833333333333325
2 0.37976041666666666 0.2962037037037037 0.010854166666666625 0.022546296296296318
2 0.2535104166666667 0.589787037037037 0.009635416666666667 0.01939814814814819
2 0.4628697916666667 0.1975 0.0059322916666667185 0.016722222222222225