3 0.57734375 0.43703703703703706 0.0703125 0.19444444444444445
3 0.20026041666666666 0.8333333333333334 0.0703125 0.25925925925925924
3 0.8434895833333333 0.7273148148148149 0.06197916666666667 0.23796296296296296
3 0.7768229166666667 0.6759259259259259 0.058854166666666666 0.23148148148148148
3 0.3807291666666667 0.6504629629629629 0.04479166666666667 0.225
8 0.35859375 0.37037037037037035 0.0421875 0.17592592592592593
3 0.546875 0.4009259259259259 0.04583333333333333 0.17407407407407408
2 0.17265625 0.36342592592592593 0.011979166666666667 0.017592592592592594
2 0.7510416666666667 0.5143518518518518 0.014583333333333334 0.021296296296296296
3 0.734671875 0.5626018518518519 0.04955208333333327 0.21254629629629626
2 0.5736979166666667 0.3958333333333333 0.015104166666666667 0.023148148148148147
2 0.8546875 0.6814814814814815 0.010416666666666666 0.024074074074074074
8 0.3138020833333333 0.8 0.0328125 0.15925925925925927
2 0.18802083333333333 0.7847222222222222 0.014583333333333334 0.030555555555555555
3 0.16927083333333334 0.41064814814814815 0.053125 0.2175925925925926
9 0.725 0.30277777777777776 0.03125 0.018518518518518517
3 0.7626979166666668 0.5640740740740741 0.06715625000000003 0.23739814814814808
8 0.9927083333333333 0.71975 0.014583333333333334 0.15169444444444438
3 0.14635416666666667 0.4046296296296296 0.059375 0.16666666666666666
2 0.5424479166666667 0.37592592592592594 0.008854166666666666 0.014814814814814815
0 0.7346666666666667 0.3241018518518518 0.01776041666666662 0.030787037037037036
1 0.7263854166666667 0.3200925925925926 0.03381250000000004 0.054518518518518515
2 0.12265104166666667 0.36623148148148144 0.009145833333333334 0.01779629629629632
2 0.3723854166666667 0.5974074074074075 0.007505208333333376 0.025074074074074006