0 0.21581250000000002 0.48364814814814816 0.02422395833333333 0.03911111111111112
3 0.28725520833333335 0.5629814814814814 0.06328645833333332 0.28214814814814815
5 0.21383854166666666 0.6194537037037037 0.04795833333333335 0.31247222222222226
3 0.2270625 0.3588425925925926 0.05513020833333335 0.1955740740740741
8 0.27155729166666664 0.29555555555555557 0.03534895833333337 0.16920370370370372
9 0.353140625 0.2107314814814815 0.033869791666666656 0.022416666666666647
3 0.29677604166666666 0.4942037037037037 0.06007291666666662 0.22369444444444442
3 0.3857708333333333 0.43597222222222226 0.04177604166666669 0.19161111111111115
3 0.35351041666666666 0.3759814814814814 0.04548437499999996 0.22106481481481477
3 0.36957812500000004 0.414212962962963 0.05043229166666663 0.2131481481481482
3 0.5873697916666667 0.42739814814814814 0.062296875000000064 0.2184259259259259
8 0.4604270833333333 0.7282222222222222 0.05561979166666665 0.16787962962962957
3 0.7485520833333333 0.6770277777777778 0.049442708333333245 0.23775925925925923
3 0.7595520833333332 0.5021111111111111 0.06847916666666667 0.23424074074074075
2 0.21224479166666665 0.6104629629629629 0.009755208333333343 0.027620370370370302
2 0.3016666666666667 0.4596111111111111 0.007557291666666662 0.01962962962962967
2 0.28296875 0.5362777777777777 0.009020833333333301 0.01961111111111117
2 0.242125 0.32464814814814813 0.005057291666666686 0.01551851851851851
2 0.35919270833333333 0.3415925925925926 0.00792187500000002 0.019157407407407456
2 0.36842708333333335 0.3806851851851852 0.007375000000000043 0.020333333333333366
2 0.379296875 0.40549074074074076 0.008515624999999952 0.02299074074074078
2 0.585390625 0.3921203703703704 0.007692708333333324 0.01973148148148143