0 0.4428229166666667 0.11223148148148147 0.020052083333333335 0.033074074074074075
8 0.06847395833333333 0.7102777777777778 0.04631770833333334 0.22392592592592586
8 0.45934375000000005 0.8809074074074074 0.056312499999999946 0.2381851851851852
8 0.6982604166666667 0.3657962962962963 0.044984374999999945 0.17238888888888884
3 0.8970260416666667 0.49138888888888893 0.05464583333333337 0.2316203703703704
3 0.6376145833333333 0.5829074074074073 0.0516510416666667 0.22037037037037038
3 0.7039270833333333 0.8785370370370371 0.0729739583333334 0.24292592592592582
3 0.5964635416666667 0.8619259259259259 0.06797916666666666 0.2357685185185184
3 0.4873333333333333 0.43392592592592594 0.040317708333333376 0.18304629629629635
3 0.49832812499999996 0.3468425925925926 0.037656249999999974 0.17712037037037034
3 0.3722083333333333 0.45080555555555557 0.047317708333333285 0.1860092592592593
3 0.36204166666666665 0.4896111111111111 0.08763541666666666 0.2043703703703704
3 0.27167708333333335 0.7397685185185185 0.0589479166666667 0.221925925925926
3 0.11549999999999999 0.8066296296296296 0.10082812500000002 0.23236111111111116
9 0.34366145833333334 0.3166111111111111 0.03004687500000003 0.02449074074074078
2 0.6401354166666666 0.534712962962963 0.010994791666666733 0.03092592592592601
2 0.4995260416666667 0.32216666666666666 0.007484374999999943 0.015638888888888876