3 0.9359375 0.6166666666666667 0.06354166666666666 0.2222222222222222
3 0.33203125 0.6617500000000001 0.07552083333333333 0.24500925925925937
3 0.6127604166666667 0.5810185185185185 0.044270833333333336 0.2212962962962963
3 0.48020833333333335 0.7384259259259259 0.04895833333333333 0.2564814814814815
8 0.7333333333333333 0.799074074074074 0.03958333333333333 0.16296296296296298
3 0.5356770833333333 0.34074074074074073 0.0515625 0.1925925925925926
3 0.3188541666666667 0.5601851851851852 0.05021354166666671 0.21666666666666667
3 0.40260416666666665 0.44814814814814813 0.059375 0.20555555555555555
2 0.47239583333333335 0.6907407407407408 0.016666666666666666 0.027777777777777776
8 0.06927083333333334 0.649537037037037 0.04375 0.22314814814814815
2 0.9518229166666666 0.5787037037037037 0.009895833333333333 0.027777777777777776
3 0.3846354166666667 0.32175925925925924 0.04010416666666667 0.16018518518518518
3 0.407375 0.5236111111111111 0.06145833333333333 0.22870370370370371
2 0.33255208333333336 0.6069444444444444 0.019270833333333334 0.030555555555555555
3 0.38261979166666665 0.522425925925926 0.07148958333333333 0.23187962962962969
2 0.5328125 0.3106481481481482 0.00625 0.017592592592592594
2 0.3294270833333333 0.5166666666666667 0.0109375 0.025925925925925925
8 0.7307291666666667 0.35462962962962963 0.036458333333333336 0.17962962962962964
2 0.37005208333333334 0.4689814814814815 0.0067708333333333336 0.025
2 0.6213541666666667 0.5365740740740741 0.007291666666666667 0.025
9 0.32708333333333334 0.2912037037037037 0.029166666666666667 0.019444444444444445
0 0.3299479166666667 0.287962962962963 0.013020833333333334 0.022222222222222223
2 0.38645833333333335 0.2967592592592593 0.00625 0.01574074074074074