8 0.4183385416666667 0.8369351851851853 0.0625885416666667 0.2375740740740741
8 0.2559427083333334 0.3380185185185185 0.032817708333333355 0.1636018518518518
8 0.8681354166666666 0.3335092592592593 0.03924479166666662 0.1882592592592593
5 0.7581822916666667 0.39396296296296296 0.05413020833333325 0.29231481481481486
7 0.6316510416666666 0.46222222222222215 0.11029166666666677 0.1978796296296296
3 0.5646614583333334 0.5434259259259259 0.05075000000000003 0.16780555555555557
3 0.47009895833333337 0.6369537037037036 0.09168749999999998 0.12871296296296295
3 0.5365833333333333 0.7004074074074075 0.06698958333333328 0.26525000000000004
3 0.41715104166666667 0.7909259259259259 0.06969270833333331 0.2514074074074074
3 0.33443229166666666 0.5879351851851852 0.06732812499999999 0.196675925925926
3 0.44861458333333337 0.3461388888888889 0.04736458333333336 0.19426851851851856
3 0.47229687499999995 0.26284259259259257 0.048718749999999984 0.18886111111111115
9 0.29315625 0.2399814814814815 0.03417187499999995 0.03248148148148149
2 0.5291927083333333 0.6403611111111112 0.023406250000000028 0.03626851851851859
2 0.5484114583333334 0.5502777777777778 0.01975520833333325 0.03321296296296286
2 0.46488541666666666 0.6176481481481481 0.00916666666666662 0.021944444444444485
0 0.7432395833333333 0.2647314814814815 0.01782812500000001 0.034824074074074084
3 0.5562447916666666 0.5959907407407407 0.05855208333333337 0.24027777777777778
2 0.7637291666666666 0.38696296296296295 0.0054531249999998956 0.018796296296296255
2 0.47127083333333336 0.23177777777777778 0.006124999999999995 0.01715740740740738