9 0.32159375 0.29414814814814816 0.043656249999999966 0.04844444444444449
0 0.320625 0.39375925925925925 0.019463541666666608 0.032129629629629675
3 0.3175625 0.5351481481481482 0.10344270833333337 0.2654722222222223
6 0.3092239583333333 0.48274074074074075 0.10121874999999998 0.3505
3 0.379296875 0.5032592592592593 0.06673958333333327 0.2531111111111112
3 0.4338020833333333 0.5754351851851852 0.07007291666666665 0.24520370370370365
3 0.38374479166666664 0.7714444444444444 0.07785937500000001 0.28524999999999995
8 0.44144791666666666 0.9172407407407407 0.06367708333333333 0.1655185185185185
3 0.7278645833333334 0.3885648148148148 0.061453124999999886 0.24322222222222228
3 0.8249166666666666 0.5551666666666667 0.0681302083333333 0.2738796296296296
3 0.8117083333333334 0.800861111111111 0.08175520833333323 0.322324074074074
3 0.9649270833333333 0.8628611111111111 0.06340104166666667 0.2742777777777778
2 0.9608958333333334 0.83225 0.018630208333333325 0.040046296296296295
2 0.8144895833333333 0.7331388888888889 0.025026041666666762 0.03460185185185175
2 0.45034375 0.5378611111111111 0.010286458333333333 0.03362037037037032
2 0.38458333333333333 0.7210277777777778 0.017239583333333287 0.040046296296296295
8 0.2828177083333333 0.3874722222222223 0.05037500000000002 0.1893425925925926
2 0.7265937499999999 0.35335185185185186 0.007708333333333428 0.020444444444444484
2 0.38580729166666666 0.46062962962962967 0.008828125000000023 0.021231481481481435