0 0.31738541666666664 0.4152314814814815 0.01973437500000005 0.039944444444444435
9 0.32207291666666665 0.2961018518518519 0.03927083333333338 0.04480555555555554
8 0.28094791666666663 0.38710185185185186 0.05001562499999999 0.19068518518518512
8 0.4392864583333333 0.9169537037037037 0.06391666666666668 0.16608333333333322
3 0.9677239583333334 0.8586944444444443 0.06455208333333336 0.28260185185185177
3 0.8168229166666666 0.7966018518518518 0.07908333333333341 0.316324074074074
3 0.824 0.5589907407407407 0.06635416666666671 0.2705925925925926
3 0.7278541666666667 0.38999074074074075 0.05443749999999999 0.2426666666666667
3 0.432921875 0.5789722222222222 0.06310416666666671 0.24507407407407414
3 0.37388020833333335 0.5045833333333334 0.06689583333333336 0.2522962962962963
3 0.383765625 0.7737314814814815 0.07312500000000005 0.27829629629629626
3 0.313484375 0.5435833333333334 0.10264583333333333 0.2571111111111112
6 0.30441145833333333 0.47930555555555554 0.10616666666666666 0.35580555555555554
2 0.38458333333333333 0.722824074074074 0.014401041666666715 0.03525925925925919
2 0.44992708333333337 0.539888888888889 0.008692708333333361 0.03356481481481482
2 0.8180677083333333 0.73425 0.025223958333333248 0.03721296296296301
2 0.964328125 0.8314166666666666 0.020755208333333285 0.041981481481481404
2 0.7296822916666666 0.35247222222222224 0.0077135416666666385 0.020685185185185216
2 0.38246875 0.46425 0.008572916666666685 0.023555555555555607