9 0.3529427083333333 0.211 0.033015625000000055 0.017712962962962958
3 0.239625 0.3591388888888889 0.06935937499999997 0.18338888888888885
8 0.26697916666666666 0.29836111111111113 0.04161458333333335 0.16324074074074071
0 0.2599427083333333 0.19328703703703703 0.015822916666666666 0.026740740740740735
3 0.3123020833333333 0.4972037037037037 0.04708333333333338 0.22888888888888892
3 0.21471354166666667 0.6350925925925925 0.07228645833333332 0.2754351851851852
3 0.22672916666666668 0.6277962962962963 0.06740624999999997 0.21777777777777782
8 0.45746875000000004 0.7302592592592592 0.05529166666666671 0.17123148148148154
2 0.20768229166666666 0.637 0.012114583333333328 0.02639814814814814
3 0.369546875 0.3747685185185185 0.05451041666666671 0.2146481481481481
3 0.3746302083333333 0.41714814814814816 0.040052083333333384 0.20909259259259252
3 0.40393229166666667 0.43624999999999997 0.05021354166666671 0.21534259259259253
3 0.5396197916666666 0.4352037037037037 0.06173958333333331 0.20770370370370364
3 0.6658333333333334 0.5050185185185185 0.06173958333333331 0.2403518518518518
3 0.733625 0.686675925925926 0.046109375000000105 0.25494444444444436
2 0.7473697916666667 0.639824074074074 0.007656249999999905 0.03155555555555549
2 0.37238020833333335 0.38469444444444445 0.0059322916666667185 0.01893518518518523
2 0.5393229166666667 0.40275925925925926 0.0082760416666666 0.02074074074074072