3 0.7286458333333333 0.6370370370370371 0.065625 0.22777777777777777
3 0.26197916666666665 0.5768518518518518 0.06770833333333333 0.23703703703703705
3 0.34869791666666666 0.5402777777777777 0.0609375 0.19537037037037036
3 0.5903645833333333 0.47314814814814815 0.09322916666666667 0.23333333333333334
8 0.058854166666666666 0.6037037037037037 0.051041666666666666 0.21666666666666667
3 0.5270833333333333 0.5925925925925926 0.06770833333333333 0.2
3 0.7541875 0.4538888888888889 0.09370312499999993 0.22259259259259256
3 0.29270833333333335 0.5296296296296297 0.05 0.22962962962962963
3 0.634375 0.4199074074074074 0.06979166666666667 0.19722222222222222
2 0.296875 0.4925925925925926 0.014583333333333334 0.020370370370370372
2 0.36171875 0.5152777777777777 0.008854166666666666 0.017592592592592594
9 0.3182291666666667 0.2212962962962963 0.030208333333333334 0.020370370370370372
3 0.6566510416666667 0.31780555555555556 0.05127604166666657 0.16894444444444448
0 0.6008958333333333 0.4303148148148148 0.015687499999999945 0.029175925925925918