9 0.282359375 0.24130555555555558 0.038651041666666684 0.02439814814814817
0 0.3124427083333333 0.3309722222222222 0.016677083333333325 0.02979629629629625
3 0.3618020833333333 0.6627407407407407 0.1317447916666667 0.20743518518518517
3 0.303765625 0.6032407407407407 0.05125520833333338 0.25864814814814807
3 0.33489583333333334 0.656537037037037 0.08667187500000004 0.3198333333333334
3 0.3906041666666667 0.87 0.10061458333333337 0.2599074074074075
3 0.476453125 0.4981574074074074 0.05306770833333339 0.2509444444444444
3 0.3986354166666667 0.4266111111111111 0.09898437499999997 0.19251851851851853
3 0.42977604166666666 0.3979537037037037 0.05166666666666669 0.17887037037037032
3 0.840828125 0.6783148148148148 0.06322395833333326 0.2316111111111112
3 0.9568437500000001 0.7132777777777778 0.08631249999999989 0.32609259259259266
8 0.6846458333333333 0.8893796296296296 0.04919270833333324 0.22123148148148145
3 0.913453125 0.43112962962962964 0.05683333333333328 0.25753703703703706
8 0.7386614583333333 0.2869814814814815 0.04351041666666665 0.21007407407407408
2 0.307921875 0.5559166666666666 0.01548437500000001 0.03093518518518526
2 0.332109375 0.5742685185185186 0.010322916666666633 0.029574074074074124
2 0.39434375 0.635287037037037 0.012812499999999952 0.03331481481481483
2 0.9622239583333333 0.6431018518518518 0.02606249999999998 0.042629629629629594
2 0.9155156249999999 0.3883333333333333 0.009223958333333353 0.019851851851851902
2 0.39239583333333333 0.39825 0.011401041666666719 0.022453703703703705
2 0.431046875 0.3748518518518518 0.009286458333333296 0.01976851851851854
2 0.3893541666666666 0.8159166666666667 0.010656250000000018 0.03692592592592603