3 0.687546875 0.834037037037037 0.06219791666666671 0.29150000000000004
3 0.600734375 0.5682592592592592 0.06019791666666663 0.290712962962963
3 0.19768229166666668 0.5921574074074074 0.059364583333333346 0.24643518518518523
3 0.48452604166666663 0.35125925925925927 0.06696354166666664 0.2033240740740741
3 0.40019791666666665 0.4422314814814815 0.04969270833333338 0.2400648148148148
3 0.47627083333333337 0.8156111111111111 0.06744270833333334 0.2960092592592592
8 0.43286458333333333 0.9143518518518519 0.05195833333333333 0.1712962962962963
8 0.6636354166666667 0.32661111111111113 0.049572916666666585 0.18665740740740744
3 0.06410416666666666 0.39367592592592593 0.054104166666666655 0.2403333333333334
3 0.6663697916666667 0.6759814814814814 0.05093229166666665 0.2563981481481482
2 0.5986197916666666 0.5028148148148148 0.011312499999999896 0.029259259259259176
9 0.6306145833333333 0.2538240740740741 0.03862499999999992 0.02362962962962961
2 0.6664010416666667 0.6351111111111111 0.014359375000000086 0.032157407407407426
2 0.47250520833333337 0.7602037037037037 0.01338541666666669 0.03301851851851859
2 0.6905104166666667 0.7737407407407407 0.011109374999999961 0.03314814814814811
2 0.40166666666666667 0.40850000000000003 0.00752604166666669 0.023527777777777748
2 0.06461458333333334 0.34699074074074077 0.01580729166666667 0.02388888888888885
2 0.4730260416666667 0.31649074074074074 0.009026041666666628 0.02110185185185182
8 0.043145833333333335 0.3390648148148148 0.04663541666666668 0.2181759259259259
2 0.20028125000000002 0.5473518518518519 0.010208333333333345 0.0235000000000001
0 0.6163177083333333 0.28264814814814815 0.018708333333333372 0.029768518518518496
1 0.6280572916666666 0.26996296296296296 0.04339583333333342 0.058194444444444465