8 0.023177083333333334 0.3449074074074074 0.04635416666666667 0.19166666666666668
3 0.76171875 0.6217592592592592 0.05677083333333333 0.22314814814814815
3 0.6208333333333333 0.3731481481481482 0.042708333333333334 0.19074074074074074
8 0.5994791666666667 0.7805555555555556 0.046875 0.1925925925925926
3 0.39505208333333336 0.38935185185185184 0.07239583333333334 0.21203703703703702
3 0.28515625 0.7444444444444445 0.06614583333333333 0.2722222222222222
3 0.3385416666666667 0.325 0.052083333333333336 0.2
7 0.26145833333333335 0.4550925925925926 0.109375 0.2638888888888889
8 0.7859375 0.36712962962962964 0.035416666666666666 0.1935185185185185
3 0.43125 0.6458333333333334 0.052083333333333336 0.262037037037037
3 0.8434895833333333 0.7277777777777777 0.0578125 0.20555555555555555
3 0.6377604166666667 0.31342592592592594 0.034895833333333334 0.17314814814814813
2 0.8479166666666667 0.7097222222222223 0.013541666666666667 0.028703703703703703
2 0.26223958333333336 0.399537037037037 0.0140625 0.021296296296296296
2 0.28619791666666666 0.6939814814814815 0.011979166666666667 0.028703703703703703
2 0.43854166666666666 0.575462962962963 0.016666666666666666 0.028703703703703703
2 0.7598958333333333 0.5805555555555556 0.008333333333333333 0.020370370370370372
0 0.2752604166666667 0.16620370370370371 0.0171875 0.032407407407407406
2 0.6234375 0.33194444444444443 0.007291666666666667 0.021296296296296296
2 0.39427083333333335 0.34675925925925927 0.009375 0.023148148148148147
9 0.7302083333333333 0.2375 0.03229166666666667 0.019444444444444445
2 0.18776041666666668 0.4287037037037037 0.0078125 0.024074074074074074
2 0.6395833333333333 0.2916666666666667 0.007291666666666667 0.014814814814814815
5 0.20182291666666666 0.4537037037037037 0.06302083333333333 0.29814814814814816
2 0.35090625000000003 0.2916296296296296 0.009619791666666681 0.020481481481481486