8 0.346875 0.37546296296296294 0.05 0.16944444444444445
3 0.7192708333333333 0.6675925925925926 0.07395833333333333 0.21296296296296297
3 0.5697916666666667 0.41759259259259257 0.05416666666666667 0.22037037037037038
3 0.3380208333333333 0.6356481481481482 0.078125 0.20092592592592592
3 0.190625 0.8388888888888889 0.05416666666666667 0.25925925925925924
8 0.3458333333333333 0.8199074074074074 0.046875 0.11944444444444445
3 0.8591145833333333 0.7546296296296297 0.050520833333333334 0.24259259259259258
3 0.5606770833333333 0.3560185185185185 0.0515625 0.175
8 0.9854166666666667 0.6652777777777777 0.029166666666666667 0.21944444444444444
3 0.21957291666666665 0.4337962962962963 0.05789062499999999 0.21203703703703702
2 0.5807291666666666 0.36666666666666664 0.0125 0.022222222222222223
2 0.18776041666666668 0.787962962962963 0.016145833333333335 0.03148148148148148
3 0.7856770833333333 0.5592592592592592 0.06614583333333333 0.22962962962962963
2 0.85625 0.7083333333333334 0.011458333333333333 0.027777777777777776
2 0.7770833333333333 0.5092592592592593 0.0125 0.022222222222222223
2 0.34140625 0.6018518518518519 0.0078125 0.014814814814814815
9 0.7247395833333333 0.30416666666666664 0.03177083333333333 0.017592592592592594
3 0.25494791666666666 0.42962962962962964 0.05572916666666667 0.2074074074074074
2 0.7307291666666667 0.6370370370370371 0.010416666666666666 0.022222222222222223
3 0.7533854166666667 0.5597222222222222 0.0359375 0.21388888888888888
0 0.4747395833333333 0.006944444444444444 0.018229166666666668 0.013888888888888888
2 0.22760416666666666 0.39166666666666666 0.011458333333333333 0.018518518518518517
2 0.55859375 0.33194444444444443 0.0067708333333333336 0.01574074074074074