0 0.220546875 0.46906481481481477 0.020666666666666642 0.03640740740740745
5 0.21209375000000003 0.6106666666666667 0.051473958333333354 0.322287037037037
7 0.28319791666666666 0.56475 0.06143229166666669 0.2798703703703704
3 0.22392708333333333 0.36119444444444443 0.05710937499999999 0.1933703703703704
3 0.29972916666666666 0.49611111111111106 0.052036458333333376 0.2334444444444444
3 0.38210416666666663 0.44485185185185183 0.04583854166666666 0.21240740740740738
3 0.374875 0.4146296296296296 0.042270833333333376 0.20939814814814814
3 0.3536458333333333 0.3747129629629629 0.052786458333333286 0.2097314814814814
9 0.35336458333333337 0.21257407407407408 0.03494270833333329 0.0217037037037037
8 0.26995312499999996 0.3004074074074074 0.03494270833333332 0.16932407407407407
3 0.5842395833333334 0.43149074074074073 0.06462499999999996 0.21240740740740743
8 0.46034895833333334 0.7285555555555556 0.053916666666666654 0.16932407407407418
3 0.7475833333333333 0.6797962962962962 0.04565104166666671 0.23745370370370375
3 0.7556614583333333 0.49544444444444447 0.07007291666666665 0.2334444444444445
2 0.2126822916666667 0.6037407407407407 0.01185937499999999 0.03413888888888879
2 0.30220833333333336 0.4597407407407407 0.007614583333333276 0.01912037037037035
2 0.277453125 0.5361018518518519 0.008979166666666672 0.021037037037037062
2 0.3690833333333333 0.38132407407407404 0.007010416666666686 0.018722222222222248
2 0.3806510416666667 0.40322222222222226 0.009015624999999972 0.02159259259259264
2 0.5807447916666667 0.39493518518518517 0.008260416666666734 0.02088888888888884