3 0.022578125 0.3961388888888889 0.04515625 0.24752777777777782
3 0.6721458333333333 0.8238055555555556 0.06323958333333338 0.31081481481481477
3 0.09334895833333333 0.6040000000000001 0.07629166666666665 0.23760185185185176
3 0.6247135416666667 0.5289351851851852 0.07996354166666678 0.303
3 0.6726458333333334 0.6701296296296296 0.07007812500000009 0.2664907407407407
3 0.44959895833333335 0.8401296296296297 0.14757291666666664 0.2621574074074073
8 0.37025 0.9220185185185185 0.048208333333333304 0.15596296296296303
3 0.431109375 0.31054629629629626 0.06156250000000003 0.22286111111111115
8 0.6808958333333333 0.3109537037037037 0.048984375000000094 0.16693518518518516
3 0.40872395833333336 0.44124074074074077 0.04290104166666661 0.24773148148148155
9 0.643921875 0.22039814814814815 0.04137500000000003 0.026925925925925912
2 0.6817135416666668 0.624787037037037 0.012921874999999972 0.0356759259259259
2 0.62278125 0.4668888888888889 0.012624999999999886 0.03162962962962965
2 0.6769895833333333 0.7632407407407407 0.011307291666666686 0.03615740740740737
2 0.0072656249999999995 0.3485462962962963 0.014255208333333332 0.02557407407407408
2 0.4235625 0.28185185185185185 0.007427083333333329 0.019861111111111152
2 0.41977083333333337 0.3936296296296296 0.00592708333333339 0.021444444444444415
2 0.4407916666666667 0.7776481481481482 0.017630208333333286 0.03461111111111121