3 0.3151041666666667 0.8287037037037037 0.075 0.3074074074074074
8 0.5723958333333333 0.8805555555555555 0.08125 0.2388888888888889
3 0.35494791666666664 0.41203703703703703 0.04739583333333333 0.21666666666666667
3 0.4356770833333333 0.5574074074074075 0.08072916666666667 0.22777777777777777
8 0.68515625 0.40046296296296297 0.0484375 0.20462962962962963
3 0.4627604166666667 0.44166666666666665 0.050520833333333334 0.22037037037037038
3 0.042708333333333334 0.6222222222222222 0.05416666666666667 0.24259259259259258
3 0.57578125 0.4875 0.06927083333333334 0.2564814814814815
3 0.31015625 0.4791666666666667 0.03802083333333333 0.23055555555555557
2 0.31328125 0.7597222222222222 0.0234375 0.03425925925925926
2 0.5700520833333333 0.44212962962962965 0.009895833333333333 0.021296296296296296
2 0.22135416666666666 0.7782407407407408 0.014583333333333334 0.03981481481481482
2 0.04140625 0.5740740740740741 0.0109375 0.022222222222222223
3 0.015625 0.47824074074074074 0.03125 0.20277777777777778
9 0.6138020833333333 0.27685185185185185 0.03697916666666667 0.024074074074074074
2 0.46432291666666664 0.4101851851851852 0.008854166666666666 0.022222222222222223
2 0.34791666666666665 0.3675925925925926 0.014583333333333334 0.020370370370370372
3 0.5489583333333333 0.4648148148148148 0.052083333333333336 0.23148148148148148
3 0.23255208333333333 0.8407407407407408 0.08385416666666666 0.3
0 0.6088541666666667 0.3037037037037037 0.022916666666666665 0.03148148148148148
1 0.61390625 0.2918425925925926 0.03680729166666671 0.05632407407407411