0 0.443234375 0.19196296296296295 0.016453124999999957 0.031083333333333327
9 0.3272864583333333 0.33731481481481485 0.03445312500000005 0.02742592592592593
8 0.29077604166666665 0.4351203703703704 0.04061979166666667 0.17002777777777778
8 0.9497187500000001 0.44746296296296295 0.043192708333333246 0.19653703703703704
8 0.43072916666666666 0.9125 0.05416666666666667 0.175
3 0.41662499999999997 0.7470740740740741 0.0552760416666666 0.24361111111111125
3 0.4716458333333333 0.6894814814814815 0.05579166666666661 0.24544444444444438
3 0.49722916666666667 0.6972499999999999 0.06170312500000001 0.17231481481481473
3 0.5134270833333333 0.6072037037037037 0.055020833333333324 0.2298981481481481
3 0.47087500000000004 0.4534074074074074 0.04704687499999996 0.18465740740740735
3 0.5615 0.3805092592592593 0.037020833333333295 0.19425
3 0.7837656249999999 0.5583055555555556 0.060932291666666555 0.23538888888888893
3 0.8229687499999999 0.5626481481481481 0.04884895833333332 0.26966666666666667
3 0.6154947916666667 0.8092314814814815 0.05758854166666675 0.26372222222222214
3 0.6453177083333334 0.8866759259259259 0.05450520833333338 0.22664814814814813
2 0.40891666666666665 0.6962962962962963 0.011968750000000009 0.030037037037037088
2 0.47110416666666666 0.6415462962962963 0.01854166666666662 0.030666666666666564
2 0.6164270833333333 0.7501203703703704 0.02170833333333325 0.03170370370370371
2 0.5672552083333334 0.3480648148148148 0.006593749999999924 0.01897222222222223
2 0.5133385416666667 0.5585925925925925 0.009427083333333286 0.030888888888888796
2 0.46911458333333333 0.41824074074074075 0.006124999999999995 0.014074074074074116
2 0.7859114583333333 0.5120092592592593 0.015500000000000114 0.020981481481481556