3 0.4583333333333333 0.6101851851851852 0.06666666666666667 0.26481481481481484
8 0.6018229166666667 0.7578703703703704 0.043229166666666666 0.18611111111111112
8 0.7604166666666666 0.3388888888888889 0.040625 0.17777777777777778
8 0.09192708333333334 0.32916666666666666 0.04114583333333333 0.18055555555555555
3 0.3338541666666667 0.47962962962962963 0.046875 0.21296296296296297
3 0.60546875 0.37175925925925923 0.03697916666666667 0.19722222222222222
3 0.62109375 0.2712962962962963 0.04635416666666667 0.17777777777777778
3 0.3138020833333333 0.7166666666666667 0.04739583333333333 0.2814814814814815
3 0.40703125 0.549537037037037 0.07135416666666666 0.20092592592592592
2 0.3111979166666667 0.649537037037037 0.011979166666666667 0.028703703703703703
2 0.21510416666666668 0.3925925925925926 0.016666666666666666 0.024074074074074074
9 0.7322916666666667 0.22870370370370371 0.03125 0.016666666666666666
0 0.21979166666666666 0.4666666666666667 0.015625 0.025925925925925925
2 0.23203125 0.45416666666666666 0.009895833333333333 0.017592592592592594
3 0.23257291666666668 0.4450925925925926 0.06714062499999998 0.19387962962962962
4 0.220546875 0.490287037037037 0.05101562500000002 0.21233333333333326
3 0.18128125 0.4488796296296297 0.06594270833333334 0.1768703703703704
3 0.4200833333333333 0.6008148148148148 0.06031249999999998 0.16936111111111118