3 0.2074375 0.7296296296296296 0.07841666666666663 0.24074074074074073
3 0.36921354166666664 0.6099351851851852 0.06264062499999999 0.2462777777777778
3 0.5872395833333334 0.4898148148148148 0.0734375 0.23148148148148148
3 0.43307291666666664 0.5199074074074074 0.07447916666666667 0.225
3 0.8136302083333333 0.3532685185185185 0.05666666666666676 0.1992407407407408
3 0.26640625 0.5982685185185185 0.0515625 0.2502407407407407
3 0.9361979166666666 0.549537037037037 0.0546875 0.2638888888888889
8 0.7138020833333333 0.29444444444444445 0.0390625 0.18518518518518517
8 0.76484375 0.8402777777777778 0.0609375 0.2361111111111111
3 0.40654687500000003 0.41606481481481483 0.04152604166666667 0.20240740740740737
8 0.1203125 0.5995370370370371 0.03333333333333333 0.23055555555555557
0 0.3690104166666667 0.17824074074074073 0.0171875 0.030555555555555555
2 0.25859375 0.5425925925925926 0.011979166666666667 0.025925925925925925
9 0.35703125 0.23055555555555557 0.030729166666666665 0.020370370370370372
2 0.3736979166666667 0.5560185185185185 0.0171875 0.028703703703703703
2 0.43723958333333335 0.47453703703703703 0.009895833333333333 0.017592592592592594
2 0.40651041666666665 0.3851851851851852 0.008854166666666666 0.020370370370370372
3 0.7743177083333334 0.788675925925926 0.12363020833333328 0.13476851851851848
2 0.2046875 0.6875 0.008333333333333333 0.030555555555555555
2 0.8075520833333333 0.3143518518518518 0.0078125 0.019444444444444445
3 0.44808333333333333 0.47400000000000003 0.045588541666666656 0.20192592592592595