3 0.26119791666666664 0.6111111111111112 0.0640625 0.21851851851851853
3 0.16640625 0.3592592592592593 0.043229166666666666 0.2074074074074074
3 0.6416666666666667 0.3416666666666667 0.04375 0.20925925925925926
3 0.26119791666666664 0.43148148148148147 0.04010416666666667 0.21296296296296297
8 0.8526041666666667 0.4064814814814815 0.041666666666666664 0.2
3 0.5494791666666666 0.25092592592592594 0.042708333333333334 0.19444444444444445
3 0.4471354166666667 0.3921296296296296 0.0421875 0.22685185185185186
8 0.1140625 0.30185185185185187 0.06354166666666666 0.18333333333333332
3 0.64921875 0.6962962962962963 0.10052083333333334 0.2611111111111111
3 0.37421875 0.32916666666666666 0.0453125 0.21203703703703702
3 0.14739583333333334 0.6300925925925925 0.084375 0.27314814814814814
8 0.60859375 0.7412037037037037 0.044270833333333336 0.18055555555555555
2 0.17057291666666666 0.3263888888888889 0.0078125 0.019444444444444445
2 0.55078125 0.21944444444444444 0.0078125 0.018518518518518517
9 0.7533854166666667 0.2023148148148148 0.033854166666666664 0.019444444444444445
2 0.12604166666666666 0.5694444444444444 0.008333333333333333 0.027777777777777776
2 0.4546875 0.3347222222222222 0.010416666666666666 0.025
3 0.6519583333333333 0.6503425925925926 0.06956770833333342 0.2117407407407408
2 0.6533854166666667 0.6328703703703704 0.008854166666666666 0.030555555555555555