0 0.3470833333333333 0.35114814814814815 0.01779687500000004 0.03251851851851852
9 0.3545 0.2935740740740741 0.04054166666666662 0.03163888888888885
3 0.419390625 0.4977129629629629 0.07935416666666674 0.2026018518518518
3 0.444359375 0.4645370370370371 0.06798437499999999 0.21183333333333337
3 0.5743906249999999 0.5974814814814815 0.05315104166666676 0.26324999999999993
3 0.5918177083333334 0.4489351851851852 0.07910937499999994 0.1876574074074074
3 0.5591875000000001 0.37289814814814815 0.05142187500000001 0.22193518518518524
8 0.8333437499999999 0.3788333333333333 0.055869791666666654 0.212712962962963
3 0.7881041666666667 0.9583796296296296 0.0662499999999999 0.08324074074074082
8 0.56328125 0.9208333333333333 0.0609375 0.15833333333333333
3 0.3243385416666667 0.8077685185185185 0.11173958333333331 0.2707222222222221
3 0.242390625 0.8163425925925927 0.07836458333333335 0.301925925925926
2 0.32322395833333334 0.7559074074074074 0.017552083333333357 0.040435185185185255
2 0.7919375 0.9732407407407406 0.017057291666666665 0.030324074074074073
8 0.027161458333333336 0.75825 0.053057291666666666 0.2700555555555556
2 0.23114062500000002 0.7325 0.01047916666666667 0.03186111111111119
2 0.5617760416666666 0.3360740740740741 0.009348958333333239 0.020851851851851837
2 0.5816927083333333 0.546212962962963 0.01295833333333339 0.03951851851851858
2 0.41235937500000003 0.4621111111111111 0.008010416666666723 0.015657407407407377