0 0.25827083333333334 0.3023240740740741 0.016786458333333344 0.028712962962962954
8 0.2148125 0.34975925925925927 0.049036458333333324 0.2007592592592592
8 0.2588333333333333 0.8237777777777777 0.05840624999999999 0.26845370370370375
3 0.83003125 0.3782777777777778 0.045677083333333236 0.22762962962962965
3 0.6974947916666667 0.40423148148148147 0.055661458333333275 0.22807407407407412
3 0.3827552083333333 0.3674074074074074 0.04318229166666671 0.2254166666666666
3 0.43716666666666665 0.28664814814814815 0.05466145833333336 0.20056481481481483
3 0.32934375 0.441287037037037 0.057156250000000006 0.21432407407407406
3 0.11294270833333334 0.7177314814814815 0.07463020833333335 0.290638888888889
3 0.11119270833333333 0.6769074074074074 0.11206770833333331 0.21875925925925926
3 0.39760416666666665 0.6385185185185185 0.04842187500000002 0.2972962962962962
3 0.4240625 0.776962962962963 0.08136979166666668 0.31859259259259254
2 0.42455208333333333 0.7132962962962963 0.01367708333333333 0.03616666666666662
2 0.13336458333333334 0.6507870370370371 0.012453124999999999 0.033361111111111084
2 0.3920260416666667 0.5686481481481481 0.013151041666666667 0.033666666666666574
9 0.266375 0.22587037037037036 0.03472395833333331 0.021509259259259277
2 0.43503125 0.258 0.01264062499999999 0.014101851851851869
2 0.6972239583333334 0.36589814814814814 0.004515625000000038 0.015842592592592606
2 0.828609375 0.34075 0.007026041666666553 0.01733333333333336
6 0.28242708333333333 0.41777777777777775 0.065109375 0.2605462962962963