8 0.5880208333333333 0.774537037037037 0.06875 0.20833333333333334
8 0.03046875 0.3472222222222222 0.049479166666666664 0.1962962962962963
3 0.23802083333333332 0.736574074074074 0.058333333333333334 0.2861111111111111
3 0.5713541666666667 0.5347222222222222 0.07604166666666666 0.24351851851851852
3 0.7723958333333333 0.7319444444444444 0.078125 0.24722222222222223
3 0.41770833333333335 0.37083333333333335 0.052083333333333336 0.20462962962962963
3 0.7666666666666667 0.3939814814814815 0.07395833333333333 0.19166666666666668
3 0.38567708333333334 0.3509259259259259 0.0640625 0.20555555555555555
3 0.11614583333333334 0.5253611111111111 0.05625 0.3011388888888889
3 0.7401041666666667 0.4152777777777778 0.04375 0.18611111111111112
3 0.07161458333333333 0.4837962962962963 0.04114583333333333 0.24537037037037038
3 0.7466145833333333 0.6018518518518519 0.06302083333333333 0.21481481481481482
2 0.56875 0.48703703703703705 0.016666666666666666 0.02962962962962963
2 0.1078125 0.5064814814814815 0.0125 0.024074074074074074
2 0.2359375 0.6782407407407407 0.0125 0.028703703703703703
2 0.7802083333333333 0.687037037037037 0.0125 0.02962962962962963
9 0.7296875 0.24212962962962964 0.03333333333333333 0.019444444444444445
2 0.7447916666666666 0.5606481481481481 0.0125 0.028703703703703703
8 0.77578125 0.3527777777777778 0.034895833333333334 0.1814814814814815
0 0.7385416666666667 0.2671296296296296 0.015625 0.026851851851851852
2 0.3859375 0.3194444444444444 0.008333333333333333 0.018518518518518517
1 0.7299947916666666 0.25882407407407404 0.03377083333333341 0.05341666666666669
2 0.7306562499999999 0.36799074074074073 0.010505208333333372 0.020324074074074116