3 0.8322916666666667 0.612037037037037 0.05625 0.22037037037037038
3 0.44735416666666666 0.5092407407407408 0.057822916666666654 0.20214814814814808
8 0.8447916666666667 0.8435185185185186 0.04375 0.21296296296296297
3 0.6984375 0.5939814814814814 0.04895833333333333 0.23055555555555557
3 0.6622395833333333 0.4101851851851852 0.0640625 0.20925925925925926
3 0.36484375 0.4185185185185185 0.044270833333333336 0.2222222222222222
3 0.359375 0.7375 0.053125 0.23796296296296296
8 0.7067708333333333 0.32037037037037036 0.0375 0.17407407407407408
3 0.444265625 0.4685462962962963 0.04820312499999998 0.23127777777777775
3 0.3265625 0.6935185185185185 0.03854166666666667 0.25925925925925924
2 0.83125 0.5731481481481482 0.0125 0.025925925925925925
4 0.54609375 0.32037037037037036 0.0359375 0.15555555555555556
2 0.43828125 0.4699074074074074 0.008854166666666666 0.023148148148148147
8 0.05286458333333333 0.6416666666666667 0.04010416666666667 0.23333333333333334
2 0.36302083333333335 0.37037037037037035 0.010416666666666666 0.025925925925925925
9 0.328125 0.25462962962962965 0.03125 0.018518518518518517
2 0.4453125 0.4060185185185185 0.009375 0.021296296296296296
2 0.65859375 0.36435185185185187 0.008854166666666666 0.023148148148148147
2 0.69765625 0.549074074074074 0.009895833333333333 0.025925925925925925
2 0.35 0.6949074074074074 0.0125 0.032407407407407406
3 0.4632864583333333 0.45013888888888887 0.060229166666666716 0.16781481481481483
0 0.543765625 0.2746111111111111 0.014932291666666705 0.026925925925925964