5 0.212078125 0.6578518518518519 0.046921875000000016 0.23466666666666672
0 0.21614583333333334 0.5655370370370371 0.02439583333333335 0.04782407407407416
3 0.23835416666666667 0.3809166666666667 0.080078125 0.19908333333333333
9 0.3522135416666667 0.2127037037037037 0.03128124999999997 0.02947222222222221
8 0.2740104166666667 0.30306481481481484 0.040036458333333365 0.17238888888888887
3 0.2879322916666667 0.4929722222222222 0.06036979166666668 0.22966666666666663
3 0.35674479166666667 0.38008333333333333 0.03784895833333337 0.2107592592592592
3 0.37520312499999997 0.416787037037037 0.0441041666666667 0.21520370370370373
3 0.37723437499999996 0.46294444444444444 0.055052083333333356 0.21854629629629627
3 0.6088645833333334 0.4159537037037037 0.05661458333333324 0.20019444444444448
3 0.8203177083333333 0.4999259259259259 0.0866458333333334 0.2168703703703704
3 0.769484375 0.660074074074074 0.05755729166666678 0.23912037037037037
8 0.46481770833333336 0.7404259259259259 0.05880729166666671 0.17738888888888882
3 0.32147395833333337 0.5761666666666666 0.06781770833333335 0.2478518518518519
2 0.3193125 0.5364444444444445 0.008473958333333325 0.01962962962962967
2 0.24075 0.34853703703703703 0.0068750000000000235 0.015749999999999993
2 0.35788020833333334 0.3456018518518518 0.006692708333333286 0.016824074074074036
2 0.36978645833333335 0.38269444444444445 0.005458333333333343 0.017166666666666632
2 0.37544791666666666 0.41747222222222224 0.007223958333333277 0.02088888888888884
2 0.6092552083333334 0.38890740740740737 0.0055885416666666765 0.017537037037037087