6 0.2909947916666667 0.4309907407407408 0.07401562500000004 0.23010185185185184
8 0.21679166666666666 0.35167592592592595 0.05184895833333331 0.20104629629629628
3 0.33485937499999996 0.438 0.0711979166666667 0.2147407407407407
3 0.3803229166666667 0.36837037037037035 0.04790625000000001 0.2090648148148148
3 0.432734375 0.28003703703703703 0.053916666666666654 0.20205555555555557
0 0.27088541666666666 0.35155555555555557 0.017312500000000005 0.03242592592592591
3 0.401171875 0.6343796296296296 0.05955208333333329 0.2922222222222223
2 0.3905572916666667 0.5639074074074074 0.01615624999999999 0.03373148148148154
3 0.41920833333333335 0.7753148148148148 0.07946354166666664 0.3176111111111111
8 0.25849479166666667 0.8254074074074075 0.05335416666666663 0.26817592592592604
3 0.09308333333333334 0.7108611111111112 0.089609375 0.2768611111111111
3 0.11421875000000001 0.6749537037037038 0.08566145833333334 0.2371203703703703
2 0.11872916666666668 0.65275 0.01427604166666668 0.03105555555555552
3 0.6921770833333334 0.40448148148148144 0.054567708333333326 0.21751851851851847
3 0.8294322916666667 0.37286111111111114 0.047354166666666704 0.22777777777777783
3 0.98965625 0.3561944444444444 0.020687499999999897 0.17222222222222222
2 0.4125625 0.7085277777777778 0.013557291666666653 0.0338518518518518
9 0.2681614583333333 0.2246203703703704 0.03670833333333334 0.023555555555555552
2 0.4302604166666667 0.25361111111111106 0.012192708333333377 0.014462962962962967
2 0.6904427083333334 0.3676203703703703 0.0046979166666666575 0.01630555555555557
2 0.827 0.33761111111111114 0.007369791666666714 0.017083333333333374