9 0.32240104166666667 0.3414259259259259 0.031880208333333354 0.026509259259259257
8 0.28615104166666666 0.4374074074074074 0.04267708333333336 0.16362962962962965
8 0.9314635416666667 0.4479259259259259 0.051932291666666686 0.20476851851851854
8 0.422796875 0.9108981481481482 0.0578489583333333 0.17820370370370373
3 0.40930208333333334 0.7470740740740741 0.04421875000000005 0.24178703703703694
3 0.48077083333333337 0.6990740740740741 0.06273437500000002 0.25550000000000006
3 0.5181822916666667 0.6193240740740741 0.06658854166666668 0.2367592592592593
3 0.6044375 0.7982592592592592 0.05707812500000008 0.2381296296296297
3 0.6118906249999999 0.8894166666666667 0.07301562500000003 0.22116666666666657
3 0.49182812499999995 0.7068518518518518 0.05707812499999996 0.15402777777777768
3 0.771421875 0.5763611111111111 0.07532812500000005 0.23127777777777775
3 0.8000885416666667 0.5621851851851851 0.05964583333333332 0.26326851851851846
3 0.545046875 0.38393518518518516 0.041135416666666674 0.1992777777777778
3 0.47048958333333335 0.45546296296296296 0.045249999999999936 0.18876851851851859
0 0.473109375 0.17335185185185184 0.018802083333333285 0.02845370370370372
2 0.604203125 0.7534907407407407 0.022812500000000093 0.034064814814814784
2 0.4766875 0.6446666666666667 0.01779166666666671 0.0348796296296297
2 0.552625 0.35120370370370374 0.006645833333333447 0.017685185185185207
2 0.5187760416666667 0.5638981481481481 0.009218750000000024 0.027814814814814782
2 0.40011979166666667 0.6959074074074074 0.010604166666666614 0.030796296296296287
2 0.46628125 0.4234074074074074 0.007932291666666676 0.016564814814814803
2 0.7692708333333333 0.526074074074074 0.015177083333333266 0.018157407407407313