4 0.5363385416666666 0.3901851851851852 0.07746354166666668 0.1783703703703704
0 0.514578125 0.3711666666666667 0.016968749999999963 0.03410185185185189
3 0.3887916666666667 0.46264814814814814 0.06639583333333335 0.196074074074074
3 0.29104166666666664 0.5779907407407407 0.05960937500000003 0.217925925925926
3 0.3678854166666667 0.6049444444444445 0.06505208333333339 0.2202314814814814
3 0.6087760416666667 0.5768425925925926 0.09018749999999992 0.24695370370370373
3 0.7501510416666667 0.6929444444444445 0.11014583333333335 0.19535185185185186
8 0.7225520833333333 0.7528425925925927 0.06634375000000006 0.14927777777777781
3 0.7835833333333333 0.5438981481481481 0.05675520833333323 0.18107407407407403
3 0.6575000000000001 0.2957962962962963 0.05857291666666668 0.17324074074074075
3 0.7557239583333334 0.3229722222222222 0.04872395833333343 0.17415740740740743
8 0.9572239583333333 0.3015555555555556 0.07645312499999998 0.16632407407407407
3 0.19359374999999998 0.4070648148148148 0.049239583333333316 0.2096388888888889
8 0.06440104166666667 0.2881944444444444 0.059348958333333326 0.1654074074074074
2 0.6001770833333333 0.5226481481481482 0.009088541666666571 0.029481481481481407
2 0.37992708333333336 0.42727777777777776 0.011161458333333367 0.02579629629629631
2 0.29275 0.5291666666666667 0.007062499999999972 0.024620370370370296