5 0.20915104166666668 0.6149814814814815 0.04910416666666665 0.31765740740740733
0 0.22933333333333333 0.3795925925925926 0.022624999999999968 0.03519444444444444
9 0.35183854166666667 0.20933333333333334 0.03213541666666669 0.020111111111111083
3 0.22727604166666668 0.3679351851851852 0.07044270833333334 0.18922222222222224
3 0.3026041666666667 0.49248148148148146 0.05502083333333339 0.22441666666666674
7 0.26249479166666667 0.5937222222222223 0.07301562500000003 0.31537037037037036
3 0.3573645833333333 0.3745648148148148 0.05861979166666664 0.21893518518518523
3 0.38795833333333335 0.4454074074074075 0.05604687499999995 0.2161944444444445
3 0.3699635416666667 0.415925925925926 0.04576562500000006 0.21390740740740743
3 0.5729427083333333 0.42781481481481476 0.05681770833333341 0.2175648148148148
3 0.7364583333333333 0.48813888888888896 0.07635937500000006 0.2449814814814814
3 0.7378697916666667 0.6865092592592592 0.05244791666666657 0.2522962962962963
8 0.4596354166666667 0.7289074074074074 0.0523072916666667 0.16349999999999992
8 0.2721458333333333 0.30386111111111114 0.04079687499999999 0.17324074074074075
2 0.21190625000000002 0.5963055555555555 0.010520833333333358 0.029055555555555657
2 0.3060885416666667 0.4599074074074074 0.007494791666666719 0.020212962962963002
2 0.26205208333333335 0.5465648148148148 0.00888020833333331 0.02154629629629628
2 0.36973958333333334 0.3821296296296296 0.006442708333333277 0.017824074074074076
2 0.5688072916666667 0.3948425925925926 0.005843749999999896 0.018212962962962924