3 0.4869114583333333 0.8060555555555555 0.1017760416666667 0.3327037037037037
8 0.268484375 0.8488148148148148 0.06201041666666664 0.25212037037037033
8 0.22079166666666666 0.37843518518518515 0.045604166666666696 0.20911111111111114
3 0.29406770833333334 0.42737037037037034 0.046994791666666674 0.23976851851851846
3 0.24763020833333335 0.49856481481481485 0.04532812500000002 0.2140555555555556
3 0.3930625 0.39771296296296293 0.05255729166666671 0.21010185185185187
3 0.470921875 0.3181203703703704 0.04810937500000006 0.21899999999999997
3 0.7414947916666667 0.42489814814814814 0.04866145833333325 0.2367962962962963
3 0.8509166666666667 0.40982407407407406 0.057838541666666764 0.24816666666666665
3 0.41878645833333333 0.6723333333333333 0.065625 0.31243518518518526
3 0.228578125 0.7118796296296297 0.09009895833333334 0.2709074074074073
3 0.19061979166666668 0.6802407407407407 0.05867187499999999 0.23531481481481492
0 0.27422916666666663 0.2448888888888889 0.019682291666666647 0.029703703703703715
9 0.27501041666666665 0.24975925925925926 0.034468750000000034 0.02074074074074072
2 0.49190625000000004 0.7326296296296296 0.014572916666666677 0.040712962962962986
2 0.409328125 0.6074074074074074 0.017812500000000023 0.04030555555555553
2 0.21652083333333336 0.650175925925926 0.012031250000000012 0.030435185185185083
2 0.4712604166666667 0.28152777777777777 0.013947916666666652 0.017462962962962975
2 0.8516197916666666 0.3721296296296296 0.007624999999999934 0.017361111111111112
2 0.3045833333333333 0.38355555555555554 0.006473958333333366 0.01733333333333336