0 0.21720833333333334 0.5514074074074073 0.020723958333333313 0.039370370370370354
5 0.21294270833333334 0.6538148148148148 0.04551562499999999 0.24562962962962961
2 0.21608854166666666 0.6603148148148148 0.011177083333333353 0.03323148148148158
3 0.31747916666666665 0.5741666666666667 0.07172395833333335 0.25538888888888883
3 0.28741145833333337 0.49487962962962967 0.06116145833333337 0.2225092592592592
3 0.234171875 0.3801851851851852 0.07375520833333331 0.2026481481481481
8 0.274609375 0.30216666666666664 0.03636979166666666 0.16363888888888892
9 0.352734375 0.21131481481481482 0.03169791666666662 0.0209537037037037
3 0.35679687499999996 0.3771203703703704 0.04063541666666666 0.21095370370370375
3 0.37782812499999996 0.46182407407407405 0.05140625000000002 0.21998148148148147
8 0.46489583333333334 0.7394259259259259 0.05933333333333337 0.18855555555555564
3 0.6045885416666666 0.41848148148148145 0.055875000000000105 0.19831481481481478
3 0.811125 0.49650000000000005 0.08452604166666665 0.21709259259259261
3 0.7608385416666666 0.664287037037037 0.06278645833333343 0.23479629629629623
2 0.29803645833333337 0.4616388888888889 0.008541666666666715 0.018481481481481515
2 0.31317708333333333 0.5385740740740741 0.008531250000000056 0.017648148148148097
2 0.240890625 0.34247222222222223 0.006593749999999983 0.016805555555555535
2 0.6053802083333333 0.3880092592592593 0.006192708333333267 0.017435185185185224
2 0.35827604166666666 0.34397222222222223 0.007729166666666624 0.017842592592592577
2 0.3691614583333333 0.3816759259259259 0.006421874999999962 0.020111111111111135
2 0.3763333333333333 0.4158888888888889 0.006776041666666662 0.02214814814814811