3 0.8963541666666667 0.5319444444444444 0.0625 0.22870370370370371
3 0.5932291666666667 0.49074074074074076 0.06666666666666667 0.21296296296296297
3 0.7270833333333333 0.3277777777777778 0.05625 0.1814814814814815
3 0.24401041666666667 0.6101851851851852 0.06197916666666667 0.22962962962962963
3 0.4440104166666667 0.3912037037037037 0.05677083333333333 0.19537037037037036
8 0.7388020833333333 0.7861111111111111 0.05260416666666667 0.18888888888888888
8 0.6864583333333333 0.28888888888888886 0.0375 0.17407407407407408
3 0.5200520833333333 0.5175925925925926 0.05364583333333333 0.2222222222222222
3 0.15642708333333333 0.6939814814814815 0.04514583333333331 0.2175925925925926
8 0.11979166666666667 0.5731481481481482 0.029166666666666667 0.21851851851851853
0 0.39166666666666666 0.3680555555555556 0.016666666666666666 0.030555555555555555
2 0.4427083333333333 0.3648148148148148 0.008333333333333333 0.018518518518518517
2 0.5890625 0.45694444444444443 0.0125 0.019444444444444445
2 0.52265625 0.4703703703703704 0.0140625 0.027777777777777776
9 0.34355729166666665 0.22155555555555556 0.028781249999999994 0.015388888888888893
5 0.39771875 0.5083888888888889 0.05554166666666672 0.29227777777777786
2 0.15390625 0.6625 0.009895833333333333 0.030555555555555555
2 0.72265625 0.2953703703703704 0.0078125 0.016666666666666666
2 0.39869791666666665 0.4912037037037037 0.0140625 0.026851851851851852
3 0.39195312499999996 0.5333888888888888 0.07559895833333338 0.17883333333333326
3 0.74859375 0.7700370370370371 0.09340104166666663 0.0930277777777778