9 0.24364583333333334 0.16427777777777777 0.03592187500000001 0.024574074074074092
3 0.311828125 0.32208333333333333 0.03619270833333334 0.21312962962962967
3 0.32236458333333334 0.23010185185185184 0.04205208333333334 0.1942222222222222
3 0.6155260416666667 0.3580462962962963 0.07165624999999996 0.22778703703703704
3 0.73146875 0.2645 0.056723958333333255 0.20523148148148146
8 0.6252291666666667 0.20147222222222222 0.03931250000000001 0.18178703703703702
3 0.5610625 0.5431574074074074 0.11888020833333333 0.23176851851851846
3 0.48290625 0.5926944444444444 0.047239583333333356 0.2176111111111111
3 0.542875 0.6092777777777778 0.10349999999999995 0.25875000000000004
4 0.7259270833333333 0.6059814814814816 0.05834895833333344 0.2387870370370369
8 0.43328125 0.8125185185185185 0.05548437499999999 0.2503425925925925
3 0.22093229166666667 0.5887129629629629 0.059713541666666654 0.26273148148148145
3 0.11258333333333334 0.7245 0.05697395833333334 0.2671574074074074
0 0.7073958333333333 0.5024814814814814 0.018260416666666637 0.035740740740740656
0 0.36621354166666664 0.9371574074074074 0.0005624999999999621 0.005018518518518586
2 0.7289791666666667 0.23302777777777775 0.008401041666666723 0.020814814814814807
2 0.32261979166666666 0.20387962962962963 0.007395833333333357 0.018935185185185173
2 0.22514583333333332 0.5368425925925926 0.00731770833333331 0.02466666666666676
2 0.12600520833333334 0.6841388888888889 0.007291666666666667 0.02627777777777788
2 0.6190729166666666 0.31582407407407403 0.013833333333333305 0.023092592592592644