3 0.5145833333333333 0.5194444444444445 0.08229166666666667 0.2537037037037037
3 0.9390625 0.37824074074074077 0.07604166666666666 0.22314814814814815
8 0.8080729166666667 0.8800925925925925 0.0609375 0.23981481481481481
8 0.7427083333333333 0.28935185185185186 0.042708333333333334 0.20462962962962963
3 0.7432291666666667 0.7689814814814815 0.07916666666666666 0.21203703703703702
3 0.42671875 0.47158333333333335 0.10378645833333332 0.2258703703703703
3 0.29583333333333334 0.7486111111111111 0.057291666666666664 0.2657407407407407
8 0.08776041666666666 0.6240740740740741 0.03697916666666667 0.2574074074074074
2 0.290625 0.5226851851851851 0.0125 0.026851851851851852
3 0.337390625 0.4951203703703704 0.04666145833333329 0.3420925925925926
2 0.33697916666666666 0.47685185185185186 0.020833333333333332 0.03148148148148148
0 0.32061458333333337 0.17266666666666666 0.018848958333333363 0.031203703703703692
9 0.34817708333333336 0.21851851851851853 0.033854166666666664 0.022222222222222223
2 0.28541666666666665 0.7041666666666667 0.010416666666666666 0.03425925925925926
3 0.2830729166666667 0.5495462962962963 0.06614583333333333 0.3360925925925926
2 0.7411458333333333 0.711574074074074 0.013541666666666667 0.021296296296296296
2 0.52578125 0.45694444444444443 0.0109375 0.026851851851851852
3 0.346296875 0.4505 0.0462864583333334 0.19476851851851854
3 0.40207291666666667 0.43685185185185194 0.04790625000000001 0.2583055555555556
2 0.9404166666666666 0.340212962962963 0.008104166666666638 0.02014814814814814