3 0.4061197916666667 0.4771111111111111 0.07108854166666667 0.2764444444444444
3 0.16380208333333332 0.49074074074074076 0.06614583333333333 0.25
8 0.84375 0.9018518518518519 0.09479166666666666 0.1962962962962963
3 0.43847395833333336 0.524537037037037 0.061328125 0.2712962962962963
8 0.7533854166666667 0.2833333333333333 0.044270833333333336 0.21296296296296297
3 0.6372395833333333 0.7513888888888889 0.05677083333333333 0.25833333333333336
3 0.2894947916666667 0.4313796296296296 0.08038541666666665 0.18131481481481476
3 0.35564062500000004 0.5148333333333334 0.049989583333333344 0.26215740740740745
8 0.06510416666666667 0.6375 0.03854166666666667 0.27314814814814814
2 0.4434895833333333 0.4722222222222222 0.0203125 0.02962962962962963
3 0.37473958333333335 0.763425925925926 0.06510416666666667 0.2324074074074074
0 0.34884375 0.3022870370370371 0.01686979166666672 0.03249074074074077
2 0.6432291666666666 0.7152777777777778 0.011458333333333333 0.032407407407407406
2 0.3729166666666667 0.7319444444444444 0.014583333333333334 0.03796296296296296
2 0.15807291666666667 0.4439814814814815 0.009895833333333333 0.028703703703703703
9 0.34010416666666665 0.20972222222222223 0.0375 0.023148148148148147
2 0.36171875 0.4601851851851852 0.008854166666666666 0.02962962962962963
4 0.3425625 0.4433240740740741 0.04970833333333336 0.3070185185185186
2 0.34263020833333335 0.38528703703703704 0.007703124999999981 0.021027777777777812