0 0.34942708333333333 0.20023148148148148 0.02051562500000005 0.030916666666666655
9 0.3525520833333333 0.21482407407407406 0.031453125000000054 0.01979629629629629
8 0.2647291666666666 0.300962962962963 0.044937499999999984 0.17400925925925925
8 0.47427083333333336 0.7290462962962962 0.05177604166666671 0.21603703703703697
3 0.3065208333333333 0.5104444444444444 0.04544270833333333 0.2275648148148148
3 0.35030208333333335 0.3641759259259259 0.07106250000000003 0.18611111111111112
3 0.3964635416666667 0.3832037037037037 0.054625000000000055 0.2110740740740741
3 0.45828125 0.47950925925925925 0.05 0.24399074074074073
3 0.444671875 0.42843518518518514 0.07150520833333332 0.20665740740740735
3 0.43500520833333334 0.4772314814814815 0.038083333333333275 0.21673148148148141
3 0.20455729166666667 0.6793796296296296 0.06681770833333331 0.18199999999999994
3 0.11956770833333333 0.6583611111111111 0.07736979166666669 0.2205555555555556
3 0.7646927083333334 0.6880648148148149 0.07736979166666676 0.2466018518518518
3 0.4147239583333333 0.42693518518518514 0.03929687500000002 0.21337962962962956
2 0.29980208333333336 0.46698148148148144 0.011135416666666724 0.026740740740740735
2 0.19673958333333333 0.6793796296296296 0.012114583333333328 0.03195370370370369
2 0.12298958333333333 0.6241481481481482 0.014260416666666664 0.03264814814814814
2 0.7660208333333334 0.6480092592592592 0.013953124999999981 0.029907407407407365
2 0.3610729166666667 0.3354907407407407 0.007078124999999958 0.015064814814814798
2 0.4009010416666667 0.34971296296296295 0.007343749999999953 0.020231481481481503