3 0.35625 0.5972222222222222 0.09166666666666666 0.22962962962962963
8 0.7177083333333333 0.7810185185185186 0.04895833333333333 0.19537037037037036
3 0.42421875 0.4935185185185185 0.07447916666666667 0.22407407407407406
3 0.1890625 0.4949074074074074 0.0625 0.2324074074074074
8 0.07083333333333333 0.3680555555555556 0.052083333333333336 0.1675925925925926
3 0.15494791666666666 0.7166666666666667 0.06614583333333333 0.26666666666666666
8 0.87734375 0.37453703703703706 0.04010416666666667 0.18611111111111112
3 0.671875 0.3680555555555556 0.04791666666666667 0.1935185185185185
3 0.57734375 0.7648148148148148 0.0578125 0.21296296296296297
3 0.35390625 0.42916666666666664 0.08385416666666666 0.18981481481481483
3 0.6958333333333333 0.3013888888888889 0.036458333333333336 0.175
3 0.6518229166666667 0.6444444444444445 0.043229166666666666 0.2351851851851852
2 0.42135416666666664 0.4425925925925926 0.015625 0.024074074074074074
0 0.4328125 0.034722222222222224 0.016666666666666666 0.028703703703703703
2 0.6940104166666666 0.2800925925925926 0.0078125 0.017592592592592594
2 0.13958333333333334 0.6564814814814814 0.010416666666666666 0.02962962962962963
2 0.5682291666666667 0.7444444444444445 0.010416666666666666 0.02962962962962963
9 0.8151041666666666 0.2638888888888889 0.03229166666666667 0.018518518518518517
3 0.30411979166666664 0.4083425925925926 0.03851041666666669 0.24877777777777785
2 0.3593541666666667 0.405712962962963 0.008968750000000015 0.02297222222222217
2 0.64246875 0.5976388888888889 0.008322916666666676 0.021342592592592552