8 0.023177083333333334 0.33240740740740743 0.04635416666666667 0.19074074074074074
3 0.7203125 0.6037037037037037 0.0625 0.2351851851851852
8 0.5997395833333333 0.7689814814814815 0.04635416666666667 0.18796296296296297
3 0.33098958333333334 0.5439814814814815 0.08072916666666667 0.2324074074074074
3 0.33984375 0.3958333333333333 0.050520833333333334 0.21203703703703702
8 0.7908854166666667 0.3685185185185185 0.03802083333333333 0.19444444444444445
3 0.5833333333333334 0.2675925925925926 0.04583333333333333 0.17222222222222222
3 0.58671875 0.3592592592592593 0.044270833333333336 0.19444444444444445
3 0.296875 0.7384259259259259 0.06041666666666667 0.287962962962963
3 0.42291666666666666 0.6444444444444445 0.06979166666666667 0.2388888888888889
3 0.8111979166666666 0.7143518518518519 0.06302083333333333 0.2101851851851852
3 0.24390625000000002 0.3453703703703704 0.09718750000000001 0.2037037037037037
0 0.14609375 0.5037037037037037 0.018229166666666668 0.02962962962962963
2 0.29609375 0.6703703703703704 0.013020833333333334 0.02962962962962963
2 0.82109375 0.6893518518518519 0.013020833333333334 0.030555555555555555
2 0.58671875 0.2449074074074074 0.0078125 0.017592592592592594
2 0.3390625 0.3541666666666667 0.008333333333333333 0.023148148148148147
2 0.7158854166666667 0.5583333333333333 0.009895833333333333 0.022222222222222223
9 0.73046875 0.22546296296296298 0.0328125 0.019444444444444445
2 0.16536458333333334 0.4842592592592593 0.0109375 0.025925925925925925
4 0.16447395833333334 0.540324074074074 0.05923958333333334 0.24303703703703705