8 0.5734375 0.8796296296296297 0.07708333333333334 0.2388888888888889
3 0.2630208333333333 0.8597222222222223 0.10208333333333333 0.28055555555555556
3 0.4158854166666667 0.5550925925925926 0.08697916666666666 0.2212962962962963
3 0.021875 0.4842592592592593 0.04375 0.21296296296296297
3 0.3614583333333333 0.41574074074074074 0.04583333333333333 0.21851851851851853
3 0.32005208333333335 0.8319444444444445 0.0859375 0.30462962962962964
3 0.051041666666666666 0.6162037037037037 0.0625 0.23796296296296296
8 0.6833333333333333 0.4074074074074074 0.04479166666666667 0.2037037037037037
3 0.4622395833333333 0.4546296296296296 0.050520833333333334 0.22962962962962963
3 0.578890625 0.492037037037037 0.08202604166666679 0.2582222222222222
3 0.3138020833333333 0.48518518518518516 0.03697916666666667 0.22962962962962963
2 0.31979166666666664 0.7643518518518518 0.023958333333333335 0.03425925925925926
2 0.5692708333333333 0.45 0.010416666666666666 0.020370370370370372
9 0.6138020833333333 0.28425925925925927 0.0359375 0.022222222222222223
2 0.4635416666666667 0.4185185185185185 0.008333333333333333 0.022222222222222223
2 0.24270833333333333 0.8004629629629629 0.015625 0.03611111111111111
2 0.35598958333333336 0.37222222222222223 0.0140625 0.020370370370370372
2 0.05130208333333333 0.5722222222222222 0.0109375 0.022222222222222223
0 0.6075520833333333 0.3087962962962963 0.0203125 0.032407407407407406
3 0.5624010416666666 0.4776203703703704 0.05980208333333336 0.23502777777777775
1 0.6143541666666666 0.29919444444444443 0.034921875000000095 0.0540092592592593
2 0.0151875 0.44657407407407407 0.010552083333333332 0.022287037037037084
2 0.41871354166666663 0.5057222222222222 0.0076874999999999956 0.021953703703703736