6 0.205359375 0.4711203703703704 0.054781249999999976 0.26200925925925933
3 0.18158333333333332 0.4642037037037037 0.04949999999999998 0.1947777777777778
9 0.18783854166666666 0.2466851851851852 0.03420312499999998 0.020759259259259248
8 0.13861979166666666 0.36780555555555555 0.03698437499999999 0.18587962962962962
3 0.32924479166666665 0.4409722222222222 0.06673958333333338 0.20565740740740748
3 0.3646979166666667 0.2973611111111111 0.04643750000000004 0.16561111111111113
3 0.30393749999999997 0.5522037037037038 0.04393749999999995 0.20862037037037032
8 0.25124479166666663 0.7563703703703704 0.051999999999999984 0.20169444444444437
3 0.5225052083333334 0.5559074074074074 0.043937500000000004 0.24174074074074067
3 0.6016197916666666 0.5929814814814814 0.037541666666666626 0.22098148148148156
3 0.6274791666666667 0.4693981481481481 0.03476041666666655 0.22098148148148145
3 0.603984375 0.36854629629629626 0.043380208333333316 0.1853888888888889
8 0.7385729166666667 0.34012037037037035 0.046718749999999906 0.1680833333333333
3 0.8734427083333334 0.5208055555555556 0.038374999999999916 0.22690740740740736
2 0.609046875 0.5449351851851851 0.007473958333333286 0.026342592592592636
0 0.19638020833333333 0.3586388888888889 0.01615624999999999 0.031564814814814844
2 0.3654791666666667 0.2711388888888889 0.006229166666666686 0.0098981481481482
2 0.6019479166666667 0.33491666666666664 0.00880729166666659 0.019490740740740697
2 0.20341666666666666 0.44284259259259257 0.009843749999999988 0.0242592592592593
2 0.17336979166666666 0.4341203703703704 0.0063437499999999735 0.01610185185185184
2 0.3161197916666667 0.40066666666666667 0.004796875000000019 0.016268518518518564