3 0.20888541666666666 0.4883518518518518 0.08443229166666667 0.2470833333333334
8 0.8223958333333333 0.8875 0.06354166666666666 0.225
8 0.7536458333333333 0.2833333333333333 0.04479166666666667 0.21296296296296297
3 0.6359375 0.7513888888888889 0.06354166666666666 0.25833333333333336
3 0.35703125 0.7569444444444444 0.06302083333333333 0.24351851851851852
3 0.35130208333333335 0.5189814814814815 0.059895833333333336 0.262037037037037
3 0.4390104166666667 0.5236111111111111 0.0584322916666667 0.27685185185185185
3 0.29791666666666666 0.44907407407407407 0.05520833333333333 0.23703703703703705
8 0.06536458333333334 0.6337962962962963 0.04114583333333333 0.26944444444444443
3 0.39296875 0.44284259259259257 0.0484375 0.2770370370370371
3 0.359375 0.4469722222222222 0.06458854166666667 0.2976574074074074
2 0.35104166666666664 0.3861111111111111 0.009375 0.024074074074074074
2 0.4510416666666667 0.4638888888888889 0.013541666666666667 0.03148148148148148
2 0.3567708333333333 0.7305555555555555 0.014583333333333334 0.037037037037037035
2 0.35208333333333336 0.46805555555555556 0.009375 0.030555555555555555
9 0.340625 0.20972222222222223 0.036458333333333336 0.023148148148148147
3 0.9895833333333334 0.3875 0.020833333333333332 0.2361111111111111
2 0.6583333333333333 0.7106481481481481 0.008333333333333333 0.032407407407407406
2 0.19348958333333333 0.4449074074074074 0.008854166666666666 0.026851851851851852
2 0.3 0.40555555555555556 0.0125 0.018518518518518517
0 0.34305729166666665 0.23677777777777778 0.016286458333333323 0.027694444444444466
1 0.34075 0.22461111111111115 0.03689583333333329 0.05407407407407408