3 0.09713541666666667 0.6851851851851852 0.0921875 0.24444444444444444
3 0.71875 0.3421296296296296 0.058333333333333334 0.18055555555555555
3 0.6494791666666667 0.6180555555555556 0.058333333333333334 0.22314814814814815
3 0.20182291666666666 0.4699074074074074 0.08072916666666667 0.21944444444444444
3 0.7354166666666667 0.27824074074074073 0.05 0.1638888888888889
8 0.9106770833333333 0.34629629629629627 0.03802083333333333 0.16666666666666666
3 0.30755208333333334 0.5912037037037037 0.0578125 0.24166666666666667
8 0.7263020833333333 0.7462962962962963 0.0453125 0.17592592592592593
3 0.4734375 0.4712777777777778 0.04479166666666667 0.2130092592592592
3 0.5700520833333333 0.7388888888888889 0.06927083333333334 0.2074074074074074
3 0.47956770833333334 0.42094444444444445 0.06274479166666667 0.19514814814814813
5 0.34375 0.3685185185185185 0.035416666666666666 0.2388888888888889
2 0.7291666666666666 0.25787037037037036 0.007291666666666667 0.017592592592592594
0 0.3377604166666667 0.2638888888888889 0.015104166666666667 0.027777777777777776
2 0.3 0.5407407407407407 0.0125 0.027777777777777776
9 0.8760416666666667 0.24212962962962964 0.03125 0.019444444444444445
2 0.66015625 0.5717592592592593 0.008854166666666666 0.026851851851851852
2 0.475796875 0.4137314814814815 0.015463541666666695 0.022824074074074052