8 0.26041145833333335 0.7688888888888888 0.049770833333333306 0.2099351851851852
8 0.14671354166666667 0.36492592592592593 0.03968750000000001 0.18159259259259258
9 0.20169270833333333 0.25128703703703703 0.031229166666666686 0.028342592592592607
0 0.202203125 0.23920370370370367 0.015453124999999979 0.027583333333333324
3 0.10328645833333333 0.538425925925926 0.06733854166666665 0.20704629629629637
3 0.3811041666666667 0.2958148148148148 0.04586979166666663 0.1706111111111111
3 0.29554687500000004 0.4349074074074074 0.05692708333333331 0.22670370370370374
3 0.258296875 0.5265740740740741 0.05855729166666664 0.2180277777777778
3 0.5343229166666668 0.5632962962962963 0.04066145833333336 0.2475277777777777
3 0.620203125 0.46208333333333335 0.04196354166666675 0.21629629629629632
3 0.6119114583333333 0.3623240740740741 0.042291666666666575 0.18101851851851852
8 0.7327604166666667 0.3438148148148148 0.05432812499999997 0.1763888888888889
3 0.6465572916666668 0.6104259259259259 0.04456770833333342 0.23537962962962966
3 0.90225 0.5323518518518519 0.04196354166666675 0.23653703703703707
2 0.6571197916666667 0.5628611111111111 0.010093750000000058 0.02349074074074064
2 0.2669583333333333 0.48731481481481476 0.010578124999999971 0.0294444444444444
2 0.38015625 0.27258333333333334 0.006463541666666709 0.012000000000000033
6 0.22056250000000002 0.371 0.0585572916666667 0.27933333333333327
2 0.6065260416666667 0.33999999999999997 0.008151041666666714 0.018333333333333292
2 0.09915625 0.4993703703703704 0.007130208333333332 0.018527777777777768
2 0.21942708333333333 0.3470462962962963 0.007708333333333309 0.02373148148148148