9 0.32706250000000003 0.29138888888888886 0.037197916666666705 0.029722222222222244
8 0.28902083333333334 0.3915833333333333 0.046776041666666636 0.17266666666666663
6 0.37365104166666663 0.43716666666666665 0.0634947916666667 0.33864814814814814
7 0.3545833333333333 0.48893518518518514 0.0854739583333334 0.3272962962962963
3 0.4217447916666667 0.4936111111111111 0.07739583333333329 0.2284351851851852
3 0.4683333333333334 0.6003148148148149 0.08002604166666671 0.23344444444444457
3 0.38708333333333333 0.7666296296296297 0.07157291666666671 0.26951851851851844
8 0.44109375 0.9164629629629629 0.060864583333333284 0.16707407407407412
3 0.7504947916666667 0.8078796296296297 0.09242708333333335 0.2878796296296296
3 0.8788020833333333 0.8720462962962963 0.06988541666666657 0.25590740740740753
3 0.8325885416666666 0.546712962962963 0.06161979166666664 0.26517592592592587
3 0.9735937499999999 0.5911296296296296 0.05281250000000005 0.2484722222222223
3 0.6847447916666667 0.3857407407407408 0.04921875 0.22776851851851854
2 0.4732291666666667 0.5618796296296297 0.010020833333333338 0.02855555555555548
2 0.3864739583333333 0.719037037037037 0.014140625000000047 0.034407407407407484
2 0.7458333333333333 0.7549814814814815 0.024765625000000093 0.035398148148148165
0 0.3757604166666667 0.29025 0.019203124999999942 0.03412037037037039
2 0.6857239583333333 0.34611111111111115 0.007385416666666581 0.01990740740740741
2 0.8247708333333333 0.4898518518518518 0.010671874999999886 0.025490740740740717