5 0.5810260416666666 0.6559074074074074 0.055989583333333336 0.3419907407407409
7 0.58821875 0.6673055555555556 0.08226562499999991 0.31808333333333333
8 0.43857291666666665 0.7722314814814815 0.05714583333333335 0.26285185185185195
8 0.06413541666666667 0.5850277777777778 0.04675520833333334 0.22094444444444455
8 0.65096875 0.23976851851851852 0.034364583333333344 0.16694444444444448
9 0.3246822916666667 0.19926851851851854 0.037161458333333286 0.023444444444444438
3 0.2649427083333333 0.6194907407407407 0.06314062499999998 0.22164814814814826
3 0.08331770833333334 0.6816481481481481 0.06034375000000001 0.2351481481481482
3 0.38662500000000005 0.30725925925925923 0.05234895833333333 0.19110185185185183
3 0.40660416666666666 0.37794444444444447 0.04515625000000002 0.21312962962962959
3 0.43857291666666665 0.33212037037037034 0.05234895833333333 0.17547222222222222
3 0.45955208333333336 0.2134814814814815 0.043156249999999945 0.1768981481481482
3 0.689328125 0.518962962962963 0.05834374999999999 0.23373148148148154
3 0.8577656250000001 0.35912037037037037 0.041958333333333306 0.2408333333333334
0 0.5548593749999999 0.37012962962962964 0.019583333333333286 0.029833333333333358
2 0.5898020833333334 0.6371203703703704 0.010213541666666734 0.031194444444444493
2 0.38738541666666665 0.28130555555555553 0.008171875000000028 0.019277777777777824
2 0.25803645833333333 0.5827592592592593 0.011140624999999993 0.022268518518518476
2 0.4588229166666667 0.18355555555555556 0.005697916666666695 0.015787037037037047