0 0.2625416666666667 0.19452777777777777 0.015807291666666678 0.02955555555555557
9 0.2612239583333333 0.21080555555555555 0.03708333333333333 0.026027777777777792
8 0.19323437499999999 0.3342777777777778 0.05075000000000003 0.2151388888888889
3 0.24934895833333334 0.4698981481481482 0.06864062499999998 0.278175925925926
3 0.31099479166666666 0.48348148148148146 0.09239062500000002 0.26140740740740737
3 0.34986979166666665 0.5184722222222222 0.08620833333333332 0.2411666666666667
3 0.38305208333333335 0.38227777777777777 0.08035416666666666 0.23249074074074072
3 0.3954166666666667 0.598287037037037 0.14476562500000004 0.2804907407407408
3 0.345640625 0.47712037037037036 0.08099999999999999 0.20704629629629637
3 0.5811666666666666 0.34671296296296295 0.0575781250000001 0.242324074074074
3 0.7914791666666667 0.4091666666666666 0.06310937500000004 0.25388888888888894
3 0.9616197916666667 0.40512037037037035 0.053348958333333245 0.2596666666666667
3 0.86175 0.6772222222222222 0.09303645833333339 0.22092592592592583
8 0.24154166666666665 0.8331203703703703 0.07254687499999998 0.3337592592592593
2 0.3988541666666666 0.5427037037037037 0.015432291666666724 0.03091666666666676
2 0.357046875 0.4753240740740741 0.016213541666666723 0.030916666666666707
2 0.3858125 0.3475833333333333 0.005828125000000029 0.01611111111111109
2 0.5814010416666666 0.3063148148148148 0.014369791666666742 0.019259259259259216
2 0.7930677083333334 0.36037037037037034 0.005338541666666667 0.017407407407407365
2 0.3085729166666667 0.43362962962962964 0.006630208333333343 0.03041666666666669