0 0.5758020833333333 0.47018518518518515 0.016916666666666677 0.03816666666666664
5 0.5839322916666667 0.6396296296296295 0.051401041666666696 0.3863240740740741
7 0.5570937499999999 0.6428148148148148 0.07384375000000004 0.2793333333333334
3 0.6976302083333333 0.5228148148148148 0.06929166666666665 0.22438888888888886
3 0.862234375 0.362324074074074 0.05237499999999997 0.2319074074074074
8 0.64590625 0.23277777777777775 0.038062499999999964 0.16829629629629625
3 0.452671875 0.19721296296296298 0.036109374999999964 0.17697222222222223
3 0.39639062500000005 0.29350000000000004 0.060182291666666644 0.19142592592592594
3 0.42322916666666666 0.3626111111111111 0.047494791666666696 0.19316666666666668
3 0.4323385416666667 0.32010185185185186 0.057906250000000034 0.1763888888888889
3 0.26366666666666666 0.6060925925925926 0.06668749999999998 0.2058888888888888
8 0.44046875 0.7830555555555556 0.06766666666666671 0.23364814814814808
3 0.081 0.6607407407407407 0.04749479166666667 0.22497222222222224
8 0.06197395833333332 0.5739907407407407 0.05237499999999999 0.2168703703703704
9 0.3227083333333333 0.19020370370370368 0.031265624999999984 0.019759259259259237
2 0.590703125 0.6350555555555556 0.008114583333333295 0.03115740740740749
2 0.26284375000000004 0.5733796296296296 0.009651041666666683 0.02157407407407403
2 0.45383854166666665 0.17337962962962963 0.006161458333333296 0.01609259259259259
2 0.8532239583333333 0.32062037037037033 0.005718750000000009 0.021712962962963007
2 0.681015625 0.4800277777777777 0.012416666666666742 0.020870370370370338