3 0.42890625 0.49074074074074076 0.07239583333333334 0.22407407407407406
3 0.19036458333333334 0.4935185185185185 0.07447916666666667 0.23703703703703705
3 0.3489583333333333 0.6 0.09166666666666666 0.24074074074074073
8 0.7182291666666667 0.7791666666666667 0.04895833333333333 0.19537037037037036
3 0.15026041666666667 0.7152777777777778 0.06822916666666666 0.25833333333333336
8 0.06171875 0.36898148148148147 0.043229166666666666 0.16574074074074074
3 0.6736979166666667 0.36435185185185187 0.0484375 0.19166666666666668
3 0.64765625 0.6430555555555556 0.05677083333333333 0.225
8 0.88125 0.3736111111111111 0.03958333333333333 0.18055555555555555
3 0.5791666666666667 0.7606481481481482 0.06041666666666667 0.20833333333333334
7 0.36354166666666665 0.4217592592592593 0.08645833333333333 0.225
3 0.69921875 0.300462962962963 0.03802083333333333 0.17314814814814813
2 0.4234375 0.4388888888888889 0.015625 0.022222222222222223
2 0.6958333333333333 0.2777777777777778 0.007291666666666667 0.018518518518518517
2 0.56953125 0.7439814814814815 0.009895833333333333 0.028703703703703703
9 0.8205729166666667 0.2611111111111111 0.03177083333333333 0.018518518518518517
0 0.41458333333333336 0.05416666666666667 0.014583333333333334 0.026851851851851852
5 0.30807291666666664 0.38796296296296295 0.0390625 0.26481481481481484
2 0.13567708333333334 0.6592592592592592 0.0078125 0.03148148148148148
2 0.36959375 0.39543518518518517 0.00987500000000002 0.023638888888888862
2 0.3499583333333333 0.5436944444444445 0.011510416666666618 0.02788888888888879