3 0.6896458333333333 0.8240648148148149 0.060322916666666754 0.2760370370370369
3 0.2689010416666667 0.5888148148148148 0.0653958333333333 0.22510185185185175
3 0.5869427083333334 0.5800462962962963 0.07509895833333337 0.28418518518518526
3 0.38390625 0.4398333333333333 0.05481250000000001 0.2183611111111111
3 0.47924479166666667 0.8106944444444444 0.06044270833333331 0.2903333333333333
3 0.5062604166666667 0.36069444444444443 0.05138541666666671 0.20824999999999996
8 0.45852604166666666 0.8967685185185185 0.042015625000000036 0.206462962962963
3 0.6619427083333334 0.6740925925925926 0.045760416666666734 0.24655555555555553
3 0.10866666666666666 0.39569444444444446 0.053390625 0.22226851851851848
8 0.6497395833333334 0.3479907407407407 0.03970833333333322 0.14901851851851847
3 0.5993333333333334 0.2734166666666667 0.062114583333333445 0.20599074074074078
3 0.027026041666666667 0.7084999999999999 0.054052083333333334 0.2610925925925926
8 0.08156770833333334 0.34449074074074076 0.04694791666666666 0.20920370370370364
9 0.6217395833333333 0.2696574074074074 0.03747916666666669 0.023185185185185152
2 0.5879270833333333 0.5127037037037038 0.01228645833333341 0.028861111111111178
2 0.69 0.7655092592592593 0.012057291666666714 0.030000000000000086
2 0.6662239583333334 0.6277222222222223 0.01458854166666678 0.030787037037037036
2 0.4654583333333333 0.7500462962962963 0.010546875 0.030212962962963063
2 0.5040208333333334 0.3274537037037037 0.0075156250000000336 0.020092592592592634
2 0.10636458333333333 0.35067592592592595 0.014510416666666673 0.01978703703703704
2 0.24291666666666664 0.546712962962963 0.006734374999999974 0.02486111111111103
8 0.027026041666666667 0.7084999999999999 0.054052083333333334 0.2610925925925926
2 0.392125 0.4073240740740741 0.004713541666666643 0.020407407407407374
0 0.6100208333333333 0.19256481481481483 0.015208333333333239 0.034916666666666644