0 0.3675572916666667 0.26698148148148143 0.01853124999999996 0.03559259259259254
9 0.3610416666666667 0.3002962962962963 0.03649999999999996 0.023361111111111128
3 0.40270312500000005 0.5022222222222222 0.08760937500000002 0.18787962962962965
3 0.4307239583333333 0.4694814814814815 0.05627083333333331 0.2069907407407408
3 0.5711770833333334 0.4341111111111111 0.06633854166666661 0.19153703703703706
3 0.552875 0.3605 0.04620833333333329 0.20373148148148146
3 0.5943906250000001 0.5890462962962962 0.05283854166666657 0.26229629629629625
3 0.31520833333333337 0.8118888888888889 0.10613541666666665 0.2720555555555555
3 0.23297395833333334 0.8452407407407407 0.0908125 0.3045833333333334
8 0.04448958333333333 0.7494722222222222 0.04780729166666666 0.2578240740740741
8 0.5458333333333333 0.9185185185185185 0.057291666666666664 0.16296296296296298
3 0.7263802083333334 0.9444722222222222 0.07937500000000004 0.11104629629629625
3 0.9316770833333333 0.955861111111111 0.05718750000000009 0.0882777777777778
2 0.7468489583333333 0.9336851851851852 0.013265624999999896 0.03253703703703713
8 0.8086041666666667 0.3780555555555556 0.04472916666666672 0.20086111111111107
2 0.31046875 0.7496111111111111 0.014791666666666713 0.0382777777777777
2 0.20896875 0.7671759259259259 0.0076197916666666645 0.03400000000000002
2 0.5577708333333333 0.3306296296296296 0.008192708333333344 0.018333333333333292
2 0.5667864583333333 0.4054166666666667 0.007536458333333229 0.018490740740740766
2 0.6059114583333333 0.5323981481481481 0.012869791666666686 0.037018518518518534
2 0.4125 0.47203703703703703 0.008541666666666715 0.015212962962962916