3 0.8671927083333333 0.6842222222222223 0.11980729166666677 0.22396296296296306
3 0.7982916666666667 0.4077037037037036 0.05707812500000008 0.25229629629629624
3 0.9704895833333332 0.40473148148148147 0.05902083333333342 0.25000925925925926
3 0.5890104166666668 0.36976851851851855 0.05707812500000008 0.24041666666666658
3 0.40891666666666665 0.5738425925925926 0.1252083333333334 0.31399999999999995
3 0.317515625 0.5093981481481481 0.053989583333333376 0.25824074074074066
3 0.23357291666666666 0.4632314814814815 0.06401562499999998 0.2902314814814814
3 0.27920833333333334 0.4088425925925926 0.08330208333333336 0.346
3 0.343609375 0.4607222222222222 0.05219270833333335 0.22487962962962962
3 0.3573645833333333 0.3928425925925926 0.05450520833333338 0.23173148148148145
0 0.24378645833333332 0.24805555555555553 0.019927083333333328 0.0334722222222222
9 0.2544010416666666 0.2063611111111111 0.04190624999999999 0.025138888888888867
8 0.186140625 0.33502777777777776 0.049364583333333316 0.2111666666666667
8 0.24552604166666667 0.8323148148148148 0.07867187500000003 0.2916018518518519
2 0.40722916666666664 0.5353888888888889 0.01309895833333338 0.027870370370370285
2 0.32391666666666663 0.4609444444444444 0.017390625000000052 0.03168518518518516
2 0.7929427083333334 0.35771296296296295 0.0048020833333332295 0.017027777777777767
2 0.591328125 0.32614814814814813 0.014583333333333334 0.01934259259259258
1 0.253859375 0.22708333333333333 0.043223958333333305 0.06880555555555554
2 0.302 0.3885925925925926 0.009401041666666643 0.026944444444444465