0 0.5048854166666666 0.11468518518518517 0.016010416666666673 0.027712962962962957
9 0.257515625 0.26407407407407407 0.037562500000000006 0.021379629629629658
3 0.33089583333333333 0.4019537037037037 0.04986979166666667 0.19425925925925921
3 0.3414739583333333 0.33114814814814814 0.03788541666666667 0.18274074074074076
3 0.5982395833333333 0.4605092592592593 0.05962500000000001 0.19074074074074074
3 0.7013802083333334 0.6275092592592593 0.10334375000000004 0.2915925925925927
8 0.507109375 0.8640555555555555 0.06256770833333328 0.27188888888888896
3 0.420609375 0.676037037037037 0.07286458333333339 0.2943981481481482
3 0.26478125 0.6853425925925926 0.05411458333333335 0.2423055555555556
3 0.20313020833333334 0.8332962962962963 0.06380208333333333 0.2572129629629629
8 0.633171875 0.30142592592592593 0.03766666666666675 0.18176851851851855
3 0.7680364583333333 0.37887962962962957 0.044869791666666714 0.21338888888888888
2 0.43202083333333335 0.6054351851851852 0.009598958333333367 0.03028703703703707
2 0.3258229166666667 0.36268518518518517 0.011895833333333291 0.029324074074074037
3 0.7356093749999999 0.6699351851851851 0.04426041666666668 0.25278703703703703
3 0.46160416666666665 0.636888888888889 0.06869270833333327 0.18915740740740739
2 0.73165625 0.6671574074074074 0.006067708333333381 0.026740740740740843
2 0.7702395833333333 0.34648148148148145 0.009255208333333324 0.02139814814814816
2 0.3398229166666667 0.30068518518518517 0.006682291666666629 0.014481481481481468
2 0.6898072916666667 0.5796203703703704 0.016666666666666666 0.03395370370370377