3 0.6612708333333334 0.8194907407407407 0.07538020833333334 0.318648148148148
3 0.39275000000000004 0.8404907407407407 0.15679166666666663 0.25591666666666657
3 0.044890624999999997 0.62475 0.08771354166666664 0.27290740740740743
3 0.63034375 0.5343148148148148 0.09087500000000001 0.2918518518518519
3 0.423046875 0.43196296296296294 0.05191145833333337 0.2525648148148148
3 0.40852083333333333 0.3003611111111111 0.08527604166666668 0.2265185185185185
8 0.3328125 0.9296296296296296 0.05520833333333333 0.14074074074074075
3 0.6891458333333333 0.6682962962962963 0.053572916666666734 0.2776203703703703
8 0.6829322916666667 0.29857407407407405 0.052786458333333286 0.18217592592592594
2 0.6405260416666666 0.4719166666666667 0.012593749999999914 0.03176851851851857
2 0.663234375 0.7548333333333334 0.013453124999999962 0.03697222222222228
9 0.6446614583333333 0.21003703703703705 0.041458333333333285 0.027185185185185198
2 0.6927447916666666 0.620824074074074 0.013713541666666629 0.03517592592592594
2 0.43206770833333336 0.3950925925925926 0.006765625000000005 0.02357407407407411
2 0.38763020833333334 0.2724722222222222 0.007531250000000019 0.023175925925925902
3 0.010036458333333333 0.4247037037037037 0.020072916666666666 0.16864814814814813