4 0.5892031249999999 0.7328055555555555 0.05594270833333326 0.28712962962962973
0 0.5925156250000001 0.8023148148148148 0.024062499999999907 0.03903703703703711
3 0.5135625 0.6445833333333333 0.07489062499999997 0.2090648148148148
3 0.2556510416666667 0.6384351851851852 0.07338541666666669 0.21601851851851847
3 0.10707291666666667 0.6833425925925926 0.056546874999999996 0.25237962962962956
8 0.017744791666666666 0.5598333333333333 0.03548958333333333 0.2341944444444445
3 0.38347916666666665 0.3288425925925926 0.04752083333333334 0.18287037037037038
3 0.38558333333333333 0.1967685185185185 0.05534375 0.20532407407407408
3 0.5228854166666667 0.3502314814814815 0.0598541666666667 0.2063981481481481
3 0.5827395833333333 0.24783333333333335 0.08151041666666667 0.18339814814814817
3 0.6439427083333332 0.4769537037037037 0.09203645833333335 0.19035185185185183
3 0.8795989583333333 0.40503703703703703 0.0484218749999999 0.24756481481481482
2 0.5909427083333333 0.6686944444444445 0.011197916666666667 0.02554629629629622
8 0.5147604166666667 0.801212962962963 0.05065104166666672 0.23976851851851855
9 0.285984375 0.17139814814814816 0.030218749999999992 0.022249999999999975
2 0.25020312499999997 0.6001851851851853 0.011598958333333324 0.020481481481481382
2 0.39025 0.16287962962962962 0.007276041666666681 0.0150740740740741
2 0.8701822916666667 0.3575185185185185 0.0065572916666667425 0.018620370370370384
2 0.645390625 0.4486481481481482 0.015130208333333428 0.019425925925925944