9 0.3520625 0.20944444444444443 0.03126041666666666 0.021537037037037028
8 0.4723125 0.7516203703703703 0.05802604166666671 0.19033333333333327
3 0.2146875 0.6955833333333333 0.05607291666666665 0.1736666666666666
2 0.21696354166666668 0.6809444444444444 0.012697916666666665 0.02812962962962973
3 0.28827083333333337 0.4926851851851852 0.04786458333333335 0.22263888888888894
3 0.250078125 0.3996018518518518 0.08205729166666664 0.192074074074074
3 0.3588020833333333 0.3723425925925926 0.03536458333333338 0.1750555555555555
3 0.3781458333333333 0.42044444444444445 0.04161458333333338 0.2115277777777777
3 0.375703125 0.4520462962962963 0.04962499999999999 0.170537037037037
3 0.3607552083333333 0.5453055555555555 0.08146875000000003 0.20839814814814808
3 0.6457083333333333 0.4199259259259259 0.08088541666666677 0.203537037037037
3 0.8042552083333334 0.6562777777777777 0.05568229166666659 0.24695370370370373
3 0.84528125 0.49337962962962967 0.06115104166666659 0.24070370370370373
8 0.2763541666666667 0.29505555555555557 0.04005208333333335 0.17053703703703701
2 0.297546875 0.4608055555555556 0.007546875000000005 0.0190925925925926
2 0.35724999999999996 0.35527777777777775 0.006494791666666681 0.01772222222222221