3 0.6044270833333333 0.4166666666666667 0.06927083333333334 0.21851851851851853
8 0.14244791666666667 0.2967592592592593 0.0640625 0.18796296296296297
3 0.415625 0.3300925925925926 0.041666666666666664 0.175
3 0.28177083333333336 0.4212962962962963 0.040625 0.2111111111111111
3 0.2578125 0.31157407407407406 0.04479166666666667 0.19907407407407407
3 0.24453125 0.6185185185185185 0.0671875 0.23333333333333334
3 0.6315104166666666 0.26435185185185184 0.04010416666666667 0.19537037037037036
8 0.4986979166666667 0.763425925925926 0.03802083333333333 0.17685185185185184
2 0.6161458333333333 0.5689814814814815 0.0125 0.028703703703703703
3 0.61484375 0.6134259259259259 0.04739583333333333 0.2324074074074074
0 0.11145833333333334 0.48703703703703705 0.020833333333333332 0.03518518518518519
8 0.9044270833333333 0.5319444444444444 0.05677083333333333 0.2175925925925926
2 0.61328125 0.37175925925925923 0.011979166666666667 0.017592592592592594
2 0.2604166666666667 0.2791666666666667 0.007291666666666667 0.019444444444444445
2 0.6356770833333333 0.23564814814814813 0.0078125 0.017592592592592594
3 0.5885416666666666 0.35138888888888886 0.042708333333333334 0.18611111111111112
2 0.4171875 0.3037037037037037 0.007291666666666667 0.016666666666666666
2 0.1171875 0.5726851851851852 0.007291666666666667 0.026851851851851852
9 0.7408854166666666 0.2111111111111111 0.033854166666666664 0.018518518518518517
3 0.5904791666666667 0.5962962962962963 0.037208333333333364 0.23148148148148148
4 0.12545833333333334 0.624 0.05060416666666665 0.31019444444444444
2 0.27411458333333333 0.3780648148148148 0.008994791666666658 0.01815740740740742