3 0.25494791666666666 0.337037037037037 0.059895833333333336 0.2
3 0.23411458333333332 0.5504629629629629 0.07135416666666666 0.21574074074074073
3 0.6377604166666667 0.4847222222222222 0.07552083333333333 0.2490740740740741
3 0.584375 0.7060185185185185 0.12083333333333333 0.24537037037037038
8 0.48828125 0.8388888888888889 0.05677083333333333 0.2388888888888889
8 0.0359375 0.29212962962962963 0.036458333333333336 0.19537037037037036
3 0.34401041666666665 0.2611111111111111 0.043229166666666666 0.16111111111111112
3 0.4791666666666667 0.324537037037037 0.03854166666666667 0.21574074074074073
3 0.146875 0.4726851851851852 0.058333333333333334 0.2361111111111111
8 0.6921875 0.33101851851851855 0.03958333333333333 0.19722222222222222
3 0.32421875 0.40324074074074073 0.0328125 0.2212962962962963
3 0.6825520833333333 0.4546296296296296 0.0453125 0.2462962962962963
2 0.47265625 0.287962962962963 0.0078125 0.020370370370370372
2 0.6442708333333333 0.4398148148148148 0.009375 0.022222222222222223
9 0.6221354166666667 0.19537037037037036 0.034895833333333334 0.022222222222222223
2 0.5192708333333333 0.7111111111111111 0.010416666666666666 0.02962962962962963
3 0.5119791666666667 0.7657407407407407 0.057291666666666664 0.23333333333333334
2 0.14739583333333334 0.42268518518518516 0.010416666666666666 0.030555555555555555
2 0.6753125 0.40647222222222223 0.01115104166666659 0.019490740740740697
2 0.23481770833333335 0.5113333333333333 0.0066770833333333595 0.015055555555555548
2 0.237015625 0.30341666666666667 0.008062500000000009 0.01997222222222227