3 0.8368749999999999 0.3865925925925926 0.04921875 0.23531481481481475
3 0.71771875 0.41155555555555556 0.04616145833333339 0.237787037037037
3 0.44826041666666666 0.7845462962962962 0.09454687499999999 0.3371574074074075
3 0.4054375 0.6493425925925925 0.056729166666666705 0.30600925925925926
8 0.2580572916666667 0.8443703703703703 0.057838541666666646 0.28277777777777763
8 0.14974479166666665 0.7160833333333333 0.07202083333333333 0.281287037037037
3 0.12721875 0.6869166666666666 0.10872916666666667 0.23087037037037028
6 0.2568020833333333 0.42712962962962964 0.049776041666666694 0.3045277777777778
3 0.30379687499999997 0.45011111111111113 0.055338541666666664 0.22394444444444442
3 0.383609375 0.37571296296296297 0.04921875 0.22542592592592595
3 0.44464583333333335 0.30229629629629634 0.05505729166666669 0.19724999999999998
8 0.21384375 0.3559351851851852 0.05172395833333336 0.20565740740740743
9 0.2667291666666667 0.2330277777777778 0.035197916666666655 0.019101851851851873
0 0.23797395833333335 0.2301203703703704 0.01668229166666665 0.03206481481481484
2 0.44793229166666665 0.7162314814814814 0.015343750000000019 0.03374074074074079
2 0.395125 0.5811388888888889 0.01732812499999999 0.035787037037037124
2 0.154125 0.6537499999999999 0.013859375000000007 0.02962962962962963
2 0.448296875 0.26973148148148146 0.013557291666666653 0.01693518518518515
2 0.834203125 0.352462962962963 0.007937499999999886 0.018120370370370415
2 0.709953125 0.3688425925925926 0.0048177083333333336 0.01596296296296297