3 0.66640625 0.6185185185185185 0.050520833333333334 0.23148148148148148
3 0.428125 0.7652777777777777 0.07604166666666666 0.23055555555555557
3 0.8984375 0.6412037037037037 0.053125 0.23796296296296296
8 0.7315104166666667 0.3578703703703704 0.0421875 0.17685185185185184
3 0.42966145833333336 0.5203796296296296 0.06005208333333331 0.21538888888888885
3 0.3869375 0.5464074074074075 0.031124999999999996 0.2180833333333333
3 0.3328125 0.7018518518518518 0.053125 0.25555555555555554
2 0.4203125 0.7300925925925926 0.014583333333333334 0.032407407407407406
3 0.48541666666666666 0.36064814814814816 0.04791666666666667 0.18611111111111112
0 0.4734375 0.034722222222222224 0.014583333333333334 0.025
8 0.0640625 0.6731481481481482 0.04791666666666667 0.23333333333333334
3 0.38574479166666664 0.42407407407407405 0.038156249999999996 0.14814814814814814
8 0.7872395833333333 0.8787037037037037 0.05260416666666667 0.20555555555555555
2 0.89921875 0.5981481481481481 0.011979166666666667 0.027777777777777776
2 0.3890625 0.4986111111111111 0.010416666666666666 0.025
9 0.32838541666666665 0.2916666666666667 0.03177083333333333 0.020370370370370372
2 0.67109375 0.5703703703703704 0.008854166666666666 0.024074074074074074
2 0.32369791666666664 0.637962962962963 0.008854166666666666 0.03148148148148148
3 0.5369791666666667 0.3398148148148148 0.041666666666666664 0.21851851851851853
2 0.4908854166666667 0.32175925925925924 0.0078125 0.023148148148148147
3 0.3926458333333333 0.5231666666666667 0.08222395833333339 0.22621296296296292
2 0.5409114583333333 0.3215462962962963 0.006630208333333343 0.01812962962962967