9 0.24527604166666667 0.16148148148148148 0.03458854166666665 0.0235277777777778
3 0.3223229166666667 0.22924999999999998 0.0418333333333333 0.1948055555555555
3 0.3121041666666667 0.3209537037037037 0.0423125 0.21087037037037037
3 0.21856770833333333 0.5888703703703704 0.06346875 0.2531296296296297
3 0.10779687500000001 0.7262037037037037 0.07487500000000001 0.2725648148148147
3 0.48609895833333333 0.5939351851851852 0.07083333333333333 0.23960185185185184
3 0.5521822916666667 0.6095740740740742 0.10411458333333339 0.24636111111111106
3 0.542671875 0.5316018518518518 0.08129166666666662 0.19945370370370372
3 0.6089895833333333 0.36891666666666667 0.07511458333333323 0.21889814814814812
3 0.7243958333333332 0.26369444444444445 0.052057291666666575 0.20452777777777775
4 0.717859375 0.62225 0.07464062499999997 0.20833333333333334
0 0.6899062499999999 0.573925925925926 0.01939583333333322 0.035712962962962905
8 0.4267083333333333 0.8094722222222223 0.06025520833333336 0.24199074074074065
8 0.6239010416666667 0.19841666666666669 0.044916666666666556 0.19037962962962968
2 0.7231875 0.22884259259259257 0.007520833333333362 0.01826851851851851
2 0.11859895833333334 0.6811203703703704 0.0069010416666666664 0.026240740740740665
2 0.22277604166666667 0.5358055555555555 0.006786458333333319 0.023435185185185135
2 0.321953125 0.20476851851851852 0.008031250000000038 0.020499999999999987
2 0.6177760416666668 0.32814814814814813 0.013328125000000076 0.02338888888888888