3 0.21531770833333336 0.7185 0.05835937499999998 0.21024999999999994
2 0.21531770833333336 0.6878796296296296 0.014140624999999988 0.0319907407407407
3 0.28422395833333336 0.49957407407407406 0.05681770833333332 0.22030555555555562
3 0.256453125 0.4054166666666667 0.06916145833333331 0.19836111111111113
3 0.362125 0.3885 0.03522395833333339 0.22852777777777783
3 0.38281770833333334 0.4161574074074074 0.04370833333333337 0.20522222222222222
3 0.37665104166666663 0.48608333333333337 0.06633333333333329 0.19150925925925924
3 0.40968750000000004 0.5413888888888889 0.06864583333333331 0.18876851851851847
8 0.4819322916666666 0.7664907407407406 0.06041666666666667 0.18008333333333335
3 0.67796875 0.4106666666666666 0.056046875000000065 0.21070370370370364
3 0.8403229166666667 0.6421759259259259 0.060932291666666555 0.22578703703703695
3 0.90896875 0.49020370370370364 0.0820156249999999 0.24910185185185182
9 0.3459375 0.2089259259259259 0.03275000000000006 0.023231481481481457
8 0.27042187500000003 0.27408333333333335 0.04055729166666664 0.1185648148148148
2 0.35915625 0.3553518518518518 0.007578124999999976 0.021944444444444485
2 0.3015208333333333 0.4663518518518519 0.007140625000000019 0.019462962962962998
2 0.6761874999999999 0.37798148148148153 0.0068229166666666195 0.018435185185185155