0 0.3426197916666667 0.4224907407407408 0.01711458333333328 0.030027777777777733
9 0.2818229166666667 0.23787962962962966 0.039921875000000016 0.03308333333333335
3 0.31443750000000004 0.5822222222222222 0.055098958333333316 0.23756481481481476
3 0.3037239583333333 0.6699814814814815 0.10791666666666669 0.3164722222222222
3 0.36213541666666665 0.6622407407407408 0.12559374999999992 0.21385185185185188
3 0.40884895833333335 0.4401851851851852 0.07888541666666668 0.2184166666666667
3 0.43816666666666665 0.3706759259259259 0.042703125 0.12664814814814812
3 0.4349270833333333 0.5191388888888888 0.0683958333333333 0.24730555555555547
3 0.8424270833333334 0.7007037037037037 0.055484375000000107 0.1864537037037036
3 0.9733229166666667 0.7145833333333333 0.053354166666666696 0.3286388888888889
3 0.9225937500000001 0.44224074074074077 0.0555416666666666 0.24988888888888883
8 0.7021927083333334 0.896962962962963 0.05244270833333336 0.20606481481481487
8 0.7409270833333333 0.2823888888888889 0.04601041666666674 0.21592592592592594
3 0.4301770833333334 0.8680925925925925 0.0869479166666667 0.2638055555555555
2 0.37509895833333334 0.6276944444444444 0.01452083333333339 0.03301851851851859
2 0.3060572916666667 0.5874814814814815 0.012140624999999971 0.030472222222222296
2 0.31045833333333334 0.5419814814814815 0.016187499999999962 0.03259259259259263
2 0.9859010416666667 0.6414444444444445 0.026187500000000103 0.04189814814814815
2 0.9264583333333333 0.3966388888888889 0.009395833333333315 0.019675925925925927
2 0.4083333333333333 0.4020740740740741 0.010770833333333367 0.01963888888888892
2 0.43877604166666667 0.3813611111111111 0.008973958333333342 0.02000000000000002
2 0.4185416666666667 0.8174351851851852 0.013614583333333385 0.03790740740740746