9 0.33175520833333333 0.3115925925925926 0.035598958333333285 0.027249999999999955
8 0.291953125 0.40872222222222226 0.042026041666666694 0.18986111111111117
8 0.44213541666666667 0.9183888888888889 0.05957812500000005 0.16322222222222219
3 0.8328489583333333 0.8770740740740741 0.04498958333333339 0.24584259259259247
3 0.7214791666666667 0.802712962962963 0.06995833333333341 0.29752777777777784
3 0.8318593750000001 0.5572685185185186 0.05982291666666673 0.2636944444444444
3 0.9522499999999999 0.6031944444444445 0.05339583333333332 0.25006481481481474
3 0.6669739583333333 0.39662962962962967 0.06328645833333345 0.21666666666666667
3 0.4794635416666667 0.6080277777777777 0.058588541666666674 0.2386388888888889
3 0.39590625 0.7765648148148149 0.0699583333333333 0.26984259259259263
7 0.37675000000000003 0.5247407407407407 0.05142187500000001 0.34807407407407415
6 0.394421875 0.48673148148148143 0.06946354166666661 0.3344444444444445
3 0.45165104166666664 0.49837037037037035 0.06575520833333333 0.19161111111111115
2 0.48646875 0.5686018518518519 0.011104166666666634 0.029935185185185117
2 0.39403125 0.7268611111111111 0.011958333333333352 0.03405555555555553
2 0.7203541666666666 0.7399629629629629 0.02341145833333324 0.0360185185185186
0 0.3807552083333333 0.3377962962962963 0.020932291666666696 0.0375
2 0.6665052083333334 0.3591111111111111 0.006635416666666553 0.019018518518518483
2 0.456015625 0.479712962962963 0.008968750000000015 0.022305555555555533
2 0.8285572916666666 0.5052037037037037 0.012078125000000028 0.0242592592592593