3 0.3380208333333333 0.6263888888888889 0.078125 0.19166666666666668
3 0.5640625 0.41944444444444445 0.06145833333333333 0.21481481481481482
3 0.6919270833333333 0.663425925925926 0.06822916666666666 0.2175925925925926
8 0.33515625 0.37407407407407406 0.04010416666666667 0.17407407407407408
3 0.18958333333333333 0.8402777777777778 0.0625 0.2601851851851852
3 0.782046875 0.5564814814814815 0.06923437499999992 0.23703703703703705
3 0.55625 0.3402777777777778 0.042708333333333334 0.19722222222222222
3 0.8541666666666666 0.7583333333333333 0.05416666666666667 0.2388888888888889
8 0.3356927083333333 0.8194444444444444 0.034932291666666636 0.12037037037037036
3 0.246875 0.4375 0.07604166666666666 0.21944444444444444
2 0.8473958333333333 0.7189814814814814 0.010416666666666666 0.026851851851851852
8 0.9825520833333333 0.6625 0.034895833333333334 0.225
2 0.18567708333333333 0.788425925925926 0.0171875 0.030555555555555555
2 0.5729166666666666 0.36712962962962964 0.014583333333333334 0.023148148148148147
0 0.37786458333333334 0.04583333333333333 0.016145833333333335 0.028703703703703703
9 0.7252604166666666 0.3037037037037037 0.03177083333333333 0.018518518518518517
2 0.33697916666666666 0.5976851851851852 0.007291666666666667 0.01574074074074074
2 0.5567708333333333 0.30787037037037035 0.007291666666666667 0.017592592592592594
2 0.7880208333333333 0.5027777777777778 0.010416666666666666 0.024074074074074074
5 0.26392187500000003 0.41544444444444445 0.041708333333333326 0.24874074074074073
3 0.7619166666666667 0.5536296296296296 0.035265625000000016 0.2081111111111111
2 0.6887187499999999 0.6284537037037037 0.00794791666666678 0.01776851851851857