3 0.5165416666666667 0.5136944444444445 0.08190624999999993 0.25641666666666674
3 0.26571875 0.4894351851851852 0.055520833333333346 0.22495370370370374
3 0.05170312499999999 0.5782685185185185 0.050848958333333326 0.24610185185185182
3 0.6673177083333334 0.598287037037037 0.038265624999999893 0.23008333333333333
3 0.7192500000000001 0.7597314814814815 0.054890624999999936 0.25755555555555565
3 0.39446875 0.7218518518518519 0.04035416666666668 0.2506666666666667
8 0.105703125 0.2856574074074074 0.043531249999999994 0.19501851851851854
3 0.356609375 0.35475 0.04868750000000001 0.20922222222222225
8 0.515375 0.8245925925925925 0.051765624999999996 0.26220370370370366
8 0.65690625 0.2857962962962963 0.036963541666666565 0.1501296296296296
3 0.522453125 0.33385185185185184 0.04058333333333331 0.19843518518518521
3 0.16138020833333336 0.2995925925925926 0.035489583333333324 0.21384259259259256
2 0.35133854166666667 0.31327777777777777 0.011140625000000052 0.025175925925925977
2 0.2666354166666667 0.44412037037037033 0.008864583333333353 0.02521296296296298
5 0.5494270833333333 0.22130555555555556 0.04251562500000006 0.2604907407407407
9 0.631546875 0.21185185185185187 0.03176562499999989 0.022111111111111106
0 0.5621927083333333 0.08005555555555555 0.015729166666666572 0.03127777777777778
2 0.516609375 0.2843148148148148 0.009208333333333367 0.02110185185185182
2 0.7209635416666667 0.7063981481481482 0.00926562499999998 0.02998148148148158
2 0.16749479166666664 0.2591851851851852 0.008406249999999994 0.02161111111111114
2 0.0544375 0.5308796296296296 0.007432291666666672 0.021537037037037028