3 0.30478124999999995 0.6167037037037036 0.0640989583333333 0.2656296296296297
3 0.35509375 0.6493611111111111 0.07186979166666667 0.29520370370370363
3 0.3677395833333333 0.664212962962963 0.12171354166666669 0.2039351851851852
3 0.3884166666666667 0.42765740740740743 0.1012083333333333 0.19538888888888886
3 0.4279895833333333 0.3956574074074074 0.05572916666666667 0.1885277777777778
3 0.49105208333333333 0.49181481481481476 0.04939583333333329 0.2345185185185185
3 0.38229166666666664 0.8699074074074075 0.08541666666666667 0.2601851851851852
8 0.67653125 0.8898055555555555 0.04729166666666676 0.22038888888888888
3 0.8434062499999999 0.6723518518518519 0.06669791666666663 0.24509259259259264
3 0.9450833333333333 0.7157314814814815 0.10840624999999994 0.3177407407407408
3 0.9065416666666667 0.42856481481481484 0.06019270833333342 0.25659259259259265
8 0.7364114583333333 0.2939907407407407 0.04790625000000001 0.21455555555555558
0 0.30034374999999996 0.2937685185185185 0.018421874999999942 0.031555555555555594
9 0.28498437499999996 0.24594444444444444 0.040536458333333324 0.02456481481481479
2 0.30671875 0.5673981481481482 0.013572916666666638 0.03458333333333325
2 0.34456770833333333 0.5706481481481481 0.011083333333333318 0.02854629629629623
2 0.40341666666666665 0.6339537037037036 0.012442708333333385 0.03739814814814824
2 0.9448593750000001 0.6458981481481482 0.028578124999999944 0.044796296296296396
1 0.28733333333333333 0.27164814814814814 0.04461979166666667 0.07533333333333335
2 0.9070520833333333 0.3867407407407408 0.009468749999999915 0.02191666666666663
2 0.38816666666666666 0.39896296296296296 0.01165104166666661 0.021527777777777778
2 0.42641666666666667 0.36950925925925926 0.008156250000000042 0.01787962962962958
2 0.37477083333333333 0.8167777777777778 0.01204166666666661 0.03659259259259257