9 0.35213020833333336 0.21124074074074073 0.03423437500000001 0.0246388888888889
3 0.356890625 0.3769166666666667 0.055109374999999974 0.21703703703703703
3 0.37108854166666666 0.41447222222222224 0.04542708333333335 0.21258333333333332
3 0.391296875 0.4422314814814815 0.05711458333333338 0.2110925925925926
3 0.304953125 0.4932962962962963 0.052104166666666646 0.22653703703703706
7 0.259359375 0.594388888888889 0.06713541666666668 0.2743333333333333
5 0.21134375 0.6099444444444444 0.049265625000000014 0.328
0 0.234265625 0.35426851851851854 0.018776041666666642 0.030342592592592577
3 0.22838020833333333 0.3669074074074074 0.07616666666666667 0.18232407407407406
8 0.26970312500000004 0.29962037037037037 0.040281249999999984 0.1695648148148148
8 0.45838020833333337 0.7303240740740741 0.05370833333333339 0.16668518518518516
3 0.7374635416666667 0.6885462962962963 0.05162499999999994 0.25599074074074074
3 0.7312135416666667 0.4881203703703703 0.07986979166666662 0.24529629629629637
3 0.570546875 0.42659259259259263 0.05579166666666661 0.21277777777777773
2 0.211875 0.5951018518518519 0.010786458333333353 0.02556481481481472
2 0.3067239583333333 0.4587685185185185 0.007348958333333281 0.020833333333333332
2 0.2567083333333333 0.5525277777777778 0.008656250000000002 0.021407407407407306
2 0.37043750000000003 0.38316666666666666 0.006239583333333343 0.019888888888888907
2 0.5645416666666667 0.39175 0.0054531249999998956 0.017851851851851827