3 0.7075520833333333 0.34675925925925927 0.058854166666666666 0.1787037037037037
3 0.11380208333333333 0.6884259259259259 0.05677083333333333 0.24722222222222223
8 0.02734375 0.35185185185185186 0.0546875 0.1648148148148148
3 0.3098958333333333 0.5884259259259259 0.065625 0.24722222222222223
3 0.19791666666666666 0.4722222222222222 0.06041666666666667 0.21851851851851853
3 0.646875 0.6166666666666667 0.05 0.21481481481481482
3 0.7229166666666667 0.2828703703703704 0.04791666666666667 0.1638888888888889
8 0.903125 0.350462962962963 0.0375 0.16203703703703703
8 0.7244791666666667 0.7375 0.04375 0.15833333333333333
3 0.5815104166666667 0.7379629629629629 0.05677083333333333 0.20185185185185187
2 0.3125 0.5351851851851852 0.015625 0.025925925925925925
5 0.33515625 0.34814814814814815 0.034895833333333334 0.2518518518518518
2 0.7203125 0.2601851851851852 0.007291666666666667 0.016666666666666666
2 0.46067708333333335 0.41944444444444445 0.0171875 0.025925925925925925
3 0.45807291666666666 0.47464814814814815 0.049479166666666664 0.20255555555555554
9 0.8619791666666666 0.2449074074074074 0.030208333333333334 0.019444444444444445
3 0.4600520833333333 0.4136296296296297 0.07260416666666672 0.21162962962962958
2 0.19088541666666667 0.42685185185185187 0.0046875 0.024074074074074074
2 0.6575520833333334 0.5736111111111111 0.0078125 0.026851851851851852
0 0.3296875 0.23842592592592593 0.014583333333333334 0.028703703703703703
2 0.5691041666666667 0.7174907407407407 0.008536458333333267 0.029027777777777694