6 0.2929895833333333 0.46824074074074074 0.11232291666666668 0.3783240740740741
3 0.283515625 0.5581574074074074 0.07713541666666665 0.24539814814814812
3 0.36775520833333336 0.5025185185185186 0.08052083333333329 0.23998148148148155
3 0.43559375 0.5816111111111111 0.06665104166666667 0.24900925925925932
3 0.3853489583333333 0.7665648148148148 0.06563541666666665 0.2820833333333332
8 0.4406666666666667 0.9168148148148147 0.06326562500000002 0.16637037037037042
8 0.28283854166666667 0.37621296296296297 0.05007291666666669 0.18946296296296297
3 0.8302447916666666 0.8032592592592592 0.08255208333333333 0.3241851851851851
3 0.9760208333333333 0.8608796296296296 0.0479583333333333 0.27824074074074073
3 0.821109375 0.5602592592592593 0.06563541666666665 0.2808796296296297
3 0.7399114583333334 0.3942592592592593 0.054807291666666674 0.2423888888888889
9 0.32174479166666664 0.2929166666666667 0.03856770833333331 0.044509259259259304
0 0.2911197916666667 0.45512037037037034 0.017557291666666686 0.03837037037037042
2 0.38554166666666667 0.7195925925925926 0.014619791666666633 0.031074074074074025
2 0.44378645833333336 0.5376481481481481 0.008421875000000039 0.03334259259259258
2 0.8309166666666666 0.7438888888888888 0.0266354166666666 0.041120370370370446
2 0.9791562500000001 0.8304907407407407 0.019624999999999913 0.03737962962962953
2 0.739203125 0.35330555555555554 0.0074947916666666 0.0209722222222222
2 0.31625000000000003 0.4398148148148148 0.013187499999999967 0.027842592592592637
2 0.3733020833333333 0.46344444444444444 0.009317708333333386 0.02436111111111106