0 0.30377604166666666 0.21583333333333332 0.017020833333333367 0.03396296296296297
9 0.289015625 0.26554629629629634 0.03612499999999995 0.02346296296296299
3 0.37161979166666664 0.43644444444444447 0.08141666666666664 0.1960648148148148
3 0.41754166666666664 0.38504629629629633 0.07503124999999997 0.16488888888888892
3 0.5287291666666667 0.5012685185185185 0.08750520833333333 0.21712962962962962
3 0.38843229166666665 0.6669444444444445 0.0745208333333333 0.29145370370370366
3 0.3936145833333333 0.6687037037037038 0.08883854166666663 0.20483333333333337
3 0.3021197916666667 0.6314722222222222 0.12236979166666669 0.25760185185185186
3 0.35234375 0.8680555555555556 0.0515625 0.2638888888888889
8 0.6528645833333333 0.8870370370370371 0.0609375 0.22592592592592592
8 0.011848958333333333 0.6903518518518519 0.023697916666666666 0.26522222222222225
8 0.7237447916666666 0.3123888888888889 0.04439062500000001 0.20232407407407407
3 0.8817708333333333 0.42759259259259264 0.05238541666666663 0.2338240740740741
3 0.8261666666666667 0.6731203703703704 0.05380729166666664 0.24305555555555555
3 0.899109375 0.6766018518518518 0.07471354166666658 0.23590740740740737
2 0.89828125 0.6411388888888888 0.029760416666666602 0.039685185185185094
2 0.3730833333333334 0.5902222222222223 0.013156249999999996 0.03201851851851845
2 0.29881250000000004 0.5819537037037037 0.012343750000000023 0.03274074074074065
2 0.8830885416666666 0.39335185185185184 0.0086666666666666 0.019370370370370333
2 0.4117864583333333 0.6380648148148148 0.01309895833333338 0.03275925925925936
2 0.40663020833333335 0.3678703703703704 0.007479166666666615 0.01779629629629632