8 0.5877604166666667 0.774074074074074 0.06822916666666666 0.20925925925925926
3 0.23333333333333334 0.7333333333333333 0.0625 0.29444444444444445
3 0.7645833333333333 0.7300925925925926 0.084375 0.24722222222222223
3 0.5861979166666667 0.5194444444444445 0.05364583333333333 0.24444444444444444
3 0.04739583333333333 0.4828703703703704 0.07291666666666667 0.24166666666666667
8 0.03125 0.3435185185185185 0.0375 0.2
3 0.73515625 0.5925925925925926 0.06197916666666667 0.22037037037037038
3 0.09114583333333333 0.5375 0.053125 0.29907407407407405
2 0.22760416666666666 0.6689814814814815 0.011458333333333333 0.028703703703703703
2 0.7638020833333333 0.6824074074074075 0.0140625 0.02962962962962963
0 0.7265625 0.3458333333333333 0.015625 0.028703703703703703
3 0.3776041666666667 0.35833333333333334 0.07291666666666667 0.2
2 0.5830729166666667 0.46944444444444444 0.0171875 0.027777777777777776
3 0.75634375 0.4199074074074074 0.05084895833333339 0.18611111111111112
3 0.7769322916666667 0.38652777777777775 0.049484375000000115 0.18508333333333332
2 0.08619791666666667 0.5189814814814815 0.013020833333333334 0.025
2 0.7330729166666666 0.549537037037037 0.013020833333333334 0.028703703703703703
9 0.7296875 0.24166666666666667 0.03333333333333333 0.018518518518518517
2 0.37604166666666666 0.32731481481481484 0.0125 0.021296296296296296
8 0.7761614583333334 0.354287037037037 0.034041666666666734 0.16150925925925932