0 0.31721354166666665 0.10691666666666666 0.01640104166666667 0.029583333333333323
8 0.26598958333333333 0.3012962962962963 0.04611458333333334 0.16564814814814813
8 0.467203125 0.7217685185185185 0.06156250000000003 0.19776851851851845
3 0.13834375000000002 0.6562685185185185 0.07035937500000002 0.20875925925925928
3 0.193015625 0.675287037037037 0.05704687499999998 0.20790740740740737
2 0.13644270833333336 0.6192962962962963 0.009510416666666662 0.030000000000000086
2 0.19277604166666668 0.6602777777777779 0.011885416666666693 0.03423148148148151
3 0.315953125 0.5049166666666666 0.05552083333333328 0.22215740740740747
2 0.30496874999999996 0.4650462962962963 0.012833333333333386 0.027472222222222238
3 0.746859375 0.687962962962963 0.06560416666666669 0.2501666666666667
2 0.7487604166666666 0.6478148148148148 0.013312499999999972 0.0312685185185185
3 0.5292343749999999 0.49475 0.10882291666666663 0.2423796296296296
3 0.471421875 0.4540648148148148 0.04718749999999995 0.22354629629629635
3 0.4262552083333333 0.43250925925925926 0.06143750000000002 0.22100925925925932
3 0.38592708333333337 0.43269444444444444 0.055421875000000044 0.20098148148148154
3 0.3940989583333333 0.3807407407407407 0.05279166666666661 0.21720370370370373
3 0.314953125 0.35726851851851854 0.07273437500000005 0.19899999999999995
9 0.3526302083333333 0.2121388888888889 0.032088541666666616 0.02197222222222224