8 0.5880208333333333 0.774074074074074 0.06875 0.20925925925925926
8 0.02890625 0.3486111111111111 0.05260416666666667 0.19537037037037036
3 0.5580729166666667 0.5407407407407407 0.0828125 0.2462962962962963
3 0.42135416666666664 0.37175925925925923 0.052083333333333336 0.20462962962962963
3 0.24036458333333333 0.736574074074074 0.058854166666666666 0.28425925925925927
3 0.7760416666666666 0.7324074074074074 0.06979166666666667 0.2462962962962963
3 0.75078125 0.6171296296296296 0.059895833333333336 0.23425925925925925
3 0.13098958333333333 0.525175925925926 0.06614583333333333 0.29223148148148154
3 0.7338541666666667 0.4050925925925926 0.046875 0.1787037037037037
3 0.38723958333333336 0.34675925925925927 0.058854166666666666 0.20462962962962963
3 0.76796875 0.3912037037037037 0.06927083333333334 0.18611111111111112
2 0.11770833333333333 0.5097222222222222 0.0125 0.025
2 0.5598958333333334 0.4930555555555556 0.015625 0.030555555555555555
3 0.08463541666666667 0.48148148148148145 0.0421875 0.24444444444444444
2 0.23958333333333334 0.6791666666666667 0.0125 0.028703703703703703
0 0.7255208333333333 0.22361111111111112 0.017708333333333333 0.032407407407407406
2 0.7864583333333334 0.6875 0.011458333333333333 0.028703703703703703
8 0.7768229166666667 0.34814814814814815 0.0328125 0.17222222222222222
9 0.7294270833333333 0.24259259259259258 0.033854166666666664 0.018518518518518517
2 0.75078125 0.5662037037037037 0.011979166666666667 0.028703703703703703
2 0.3893229166666667 0.3162037037037037 0.008854166666666666 0.019444444444444445
2 0.7245572916666667 0.36091666666666666 0.009604166666666695 0.02098148148148145