8 0.023177083333333334 0.33287037037037037 0.04635416666666667 0.19166666666666668
3 0.7520833333333333 0.6180555555555556 0.06875 0.22685185185185186
3 0.28541666666666665 0.7407407407407407 0.07083333333333333 0.2814814814814815
8 0.59921875 0.7708333333333334 0.04635416666666667 0.18796296296296297
8 0.78125 0.35833333333333334 0.042708333333333334 0.18888888888888888
3 0.36276041666666664 0.38055555555555554 0.0484375 0.20555555555555555
5 0.19114583333333332 0.48194444444444445 0.04583333333333333 0.2861111111111111
3 0.609375 0.2898148148148148 0.04479166666666667 0.1814814814814815
3 0.42213541666666665 0.6430555555555556 0.0640625 0.24351851851851852
3 0.6010416666666667 0.36435185185185187 0.03333333333333333 0.18611111111111112
3 0.3104166666666667 0.3212962962962963 0.04791666666666667 0.18703703703703703
3 0.840625 0.7226851851851852 0.053125 0.21203703703703702
2 0.8408854166666667 0.6986111111111111 0.0140625 0.030555555555555555
0 0.18333333333333332 0.35555555555555557 0.017708333333333333 0.03333333333333333
2 0.28125 0.6828703703703703 0.0125 0.030555555555555555
2 0.7473958333333334 0.5763888888888888 0.009375 0.021296296296296296
2 0.17994791666666668 0.44212962962962965 0.0078125 0.023148148148148147
2 0.3690104166666667 0.3351851851851852 0.009895833333333333 0.022222222222222223
9 0.7299479166666667 0.2263888888888889 0.0328125 0.019444444444444445
7 0.2994791666666667 0.49212962962962964 0.10729166666666666 0.28055555555555556
2 0.6151041666666667 0.2638888888888889 0.008333333333333333 0.016666666666666666