9 0.2720989583333333 0.23287962962962963 0.03012499999999999 0.021425925925925914
0 0.26313020833333334 0.25750925925925927 0.021140625000000017 0.02946296296296301
3 0.20698958333333334 0.39667592592592593 0.06656770833333336 0.18386111111111117
8 0.23970312500000002 0.334712962962963 0.048567708333333334 0.16151851851851856
3 0.28755729166666666 0.4190277777777777 0.05685416666666668 0.2143333333333333
3 0.39283854166666665 0.3359814814814815 0.04285416666666665 0.20672222222222222
3 0.3479791666666667 0.5653055555555555 0.04914062499999995 0.19605555555555557
3 0.289125 0.6105092592592593 0.07885416666666668 0.1544074074074074
3 0.36826562500000004 0.5231481481481481 0.039427083333333356 0.23161111111111105
3 0.4018333333333333 0.5378796296296297 0.06599479166666669 0.20417592592592593
3 0.487546875 0.4401018518518519 0.04942708333333338 0.21992592592592597
3 0.5888281249999999 0.31642592592592594 0.0531406250000001 0.19199074074074077
8 0.838671875 0.3489351851851852 0.052854166666666674 0.165574074074074
3 0.9296666666666666 0.4525462962962963 0.05999479166666669 0.2183981481481481
8 0.31341145833333334 0.7504351851851853 0.058854166666666666 0.23110185185185178
2 0.39467708333333335 0.49926851851851856 0.010531250000000015 0.024074074074074074
2 0.35769270833333333 0.5205555555555555 0.013291666666666656 0.026527777777777862
1 0.2701041666666667 0.24767592592592594 0.03444791666666669 0.05460185185185188
2 0.28382812500000004 0.3829074074074074 0.007328124999999967 0.015342592592592639
2 0.211578125 0.37513888888888886 0.007286458333333338 0.01454629629629633
2 0.3946145833333333 0.29545370370370366 0.003567708333333286 0.014305555555555597
2 0.5918177083333334 0.2916759259259259 0.006213541666666582 0.015666666666666627
2 0.4914479166666667 0.39816666666666667 0.008510416666666624 0.026120370370370405