3 0.3606770833333333 0.5689814814814815 0.08072916666666667 0.2361111111111111
3 0.08541666666666667 0.5671296296296297 0.071875 0.2638888888888889
3 0.7005781249999999 0.5925925925925926 0.06678645833333334 0.2796296296296296
3 0.5971354166666667 0.34629629629629627 0.0640625 0.22407407407407406
8 0.29401041666666666 0.8888888888888888 0.07239583333333334 0.2222222222222222
8 0.3841145833333333 0.3175925925925926 0.03802083333333333 0.2074074074074074
3 0.77734375 0.5634259259259259 0.0609375 0.24351851851851852
3 0.2910625 0.3683148148148148 0.04622916666666666 0.21337037037037043
3 0.5653645833333333 0.32037037037037036 0.0421875 0.21296296296296297
3 0.017447916666666667 0.8101851851851852 0.034895833333333334 0.32407407407407407
2 0.7036458333333333 0.5342592592592592 0.021875 0.03333333333333333
0 0.68046875 0.10324074074074074 0.019270833333333334 0.032407407407407406
2 0.56484375 0.2865740740740741 0.0078125 0.017592592592592594
9 0.7497395833333333 0.2601851851851852 0.03802083333333333 0.020370370370370372
2 0.7869791666666667 0.5171296296296296 0.0125 0.030555555555555555
3 0.28375 0.32714814814814813 0.042234374999999984 0.1988611111111111
3 0.7005 0.5654259259259259 0.09131250000000009 0.2747685185185185
2 0.5877187500000001 0.3036851851851852 0.006760416666666676 0.02074074074074072