3 0.20208333333333334 0.8314814814814815 0.07291666666666667 0.2611111111111111
3 0.5752604166666667 0.43703703703703706 0.07135416666666666 0.2
3 0.38385416666666666 0.6513888888888889 0.04791666666666667 0.22314814814814815
3 0.84140625 0.725925925925926 0.06510416666666667 0.2388888888888889
3 0.7807291666666667 0.6759259259259259 0.06145833333333333 0.23333333333333334
8 0.35833333333333334 0.36898148148148147 0.04375 0.17685185185185184
3 0.1640625 0.4097222222222222 0.05520833333333333 0.21574074074074073
8 0.3106770833333333 0.8013888888888889 0.0328125 0.15833333333333333
3 0.5416666666666666 0.40694444444444444 0.040625 0.1824074074074074
2 0.1703125 0.36342592592592593 0.0125 0.017592592592592594
2 0.18802083333333333 0.7842592592592592 0.014583333333333334 0.02962962962962963
2 0.7544270833333333 0.5148148148148148 0.0140625 0.022222222222222223
2 0.5669270833333333 0.3925925925925926 0.015104166666666667 0.024074074074074074
3 0.7351979166666667 0.5620833333333333 0.05059895833333338 0.21305555555555553
0 0.7401041666666667 0.3388888888888889 0.016666666666666666 0.03148148148148148
2 0.85546875 0.6805555555555556 0.0109375 0.024074074074074074
9 0.7263020833333333 0.30277777777777776 0.0328125 0.018518518518518517
3 0.7623697916666666 0.5640740740740741 0.06432812500000011 0.23555555555555557
8 0.9942708333333333 0.7186203703703704 0.011458333333333333 0.1609074074074074
3 0.13679166666666667 0.396462962962963 0.07354166666666667 0.15835185185185188
2 0.10897916666666667 0.36077777777777775 0.009687500000000012 0.018722222222222248
2 0.7671041666666666 0.6301666666666667 0.007874999999999943 0.02852777777777773
2 0.3751666666666667 0.6019629629629629 0.007281250000000009 0.02522222222222223