3 0.46380208333333334 0.45925925925925926 0.05572916666666667 0.22962962962962963
3 0.36614583333333334 0.41435185185185186 0.04479166666666667 0.2212962962962963
3 0.32838541666666665 0.8097222222222222 0.09010416666666667 0.325
3 0.3997395833333333 0.5597222222222222 0.07552083333333333 0.21574074074074073
3 0.058854166666666666 0.6189814814814815 0.07083333333333333 0.23796296296296296
8 0.5783854166666667 0.8773148148148148 0.0640625 0.24537037037037038
3 0.029947916666666668 0.48935185185185187 0.0578125 0.2175925925925926
8 0.68203125 0.41203703703703703 0.044270833333333336 0.2037037037037037
3 0.3171875 0.48935185185185187 0.03854166666666667 0.23055555555555557
3 0.2833333333333333 0.8643518518518518 0.11666666666666667 0.26944444444444443
0 0.61015625 0.31851851851851853 0.0203125 0.03518518518518519
2 0.32760416666666664 0.7773148148148148 0.023958333333333335 0.030555555555555555
2 0.06171875 0.5731481481481482 0.0109375 0.022222222222222223
2 0.5700520833333333 0.4587962962962963 0.0109375 0.021296296296296296
9 0.6135416666666667 0.2902777777777778 0.035416666666666666 0.021296296296296296
2 0.3614583333333333 0.3685185185185185 0.014583333333333334 0.020370370370370372
2 0.4635416666666667 0.4217592592592593 0.008333333333333333 0.021296296296296296
2 0.2682291666666667 0.8087962962962963 0.015625 0.03425925925925926
2 0.32083333333333336 0.45046296296296295 0.00625 0.021296296296296296
8 0.005989583333333334 0.4041666666666667 0.011979166666666667 0.2212962962962963
3 0.5721770833333333 0.4850092592592592 0.07114062500000008 0.22920370370370366
3 0.5734375 0.5036296296296295 0.07083333333333333 0.2501574074074075
1 0.6136250000000001 0.3076111111111111 0.035578124999999974 0.05775925925925925
2 0.02918229166666667 0.4526574074074074 0.010302083333333333 0.020481481481481486
2 0.39759375 0.5102962962962962 0.009781249999999986 0.02378703703703709