0 0.32301562500000003 0.35506481481481483 0.021614583333333333 0.033759259259259294
9 0.32309375 0.29439814814814813 0.04153645833333333 0.04749074074074071
8 0.28241145833333337 0.3851203703703704 0.04230729166666668 0.17732407407407408
3 0.32921875 0.5191203703703704 0.10169270833333334 0.2949074074074074
6 0.3211614583333333 0.4684537037037037 0.08143749999999995 0.3592129629629629
3 0.39256250000000004 0.5014537037037038 0.057187499999999974 0.27033333333333337
3 0.4376302083333333 0.5775370370370371 0.07385416666666664 0.24474999999999994
3 0.38119791666666664 0.768925925925926 0.07385416666666664 0.2801018518518518
2 0.3834427083333333 0.7224166666666667 0.01580729166666662 0.03558333333333339
2 0.45282812499999997 0.5378425925925926 0.008229166666666643 0.03223148148148143
3 0.7965885416666667 0.7974351851851852 0.08872916666666673 0.30964814814814823
3 0.8272916666666668 0.5482037037037036 0.06709375000000009 0.2680833333333333
3 0.7140885416666667 0.3900740740740741 0.05966145833333343 0.2471018518518518
3 0.952734375 0.8687037037037038 0.06359374999999995 0.2625925925925925
8 0.44131250000000005 0.9200277777777777 0.062447916666666714 0.1599351851851851
2 0.80653125 0.7391759259259258 0.026192708333333314 0.04176851851851843
2 0.7202864583333334 0.3534259259259259 0.007984374999999962 0.020499999999999987
2 0.3914739583333333 0.4526759259259259 0.008671875000000048 0.024305555555555556