8 0.8203125 0.8861111111111111 0.0625 0.22777777777777777
8 0.7533854166666667 0.2833333333333333 0.044270833333333336 0.21296296296296297
3 0.6901041666666666 0.7625 0.1 0.2361111111111111
3 0.3408072916666667 0.7548796296296296 0.05814062499999994 0.2513518518518519
3 0.45208333333333334 0.5282407407407408 0.053125 0.27314814814814814
8 0.065625 0.6337962962962963 0.041666666666666664 0.26944444444444443
3 0.36432291666666666 0.4583240740740741 0.0546875 0.268537037037037
3 0.3042916666666667 0.47989814814814813 0.09503645833333335 0.24372222222222226
0 0.3469947916666667 0.19225 0.015656249999999972 0.029805555555555554
2 0.34088541666666666 0.7231481481481481 0.0140625 0.03518518518518519
3 0.3243958333333333 0.5334722222222222 0.0413697916666667 0.2521296296296296
2 0.33515625 0.47962962962962963 0.0078125 0.02962962962962963
9 0.34088541666666666 0.2101851851851852 0.03697916666666667 0.022222222222222223
2 0.3578125 0.41064814814814815 0.009375 0.023148148148148147
3 0.39233854166666665 0.44814814814814813 0.04041145833333329 0.25
2 0.465625 0.4648148148148148 0.009375 0.027777777777777776
3 0.25800520833333335 0.4843333333333334 0.05839062499999998 0.25359259259259254
2 0.3015 0.4234907407407407 0.012848958333333372 0.026500000000000003