3 0.4440104166666667 0.5782407407407407 0.06927083333333334 0.19166666666666668
3 0.9453125 0.48194444444444445 0.084375 0.21203703703703702
8 0.7684895833333333 0.31851851851851853 0.058854166666666666 0.15555555555555556
8 0.9184895833333333 0.7388888888888889 0.08177083333333333 0.20185185185185187
3 0.6526041666666667 0.3773148148148148 0.06458333333333334 0.175
3 0.23671875 0.5287037037037037 0.06302083333333333 0.21296296296296297
3 0.21901041666666668 0.6333333333333333 0.09322916666666667 0.2074074074074074
3 0.32578125 0.5879629629629629 0.0765625 0.2222222222222222
3 0.3848958333333333 0.4638888888888889 0.057291666666666664 0.18888888888888888
3 0.22447916666666667 0.7268518518518519 0.06875 0.19814814814814816
3 0.60625 0.35 0.04895833333333333 0.15925925925925927
4 0.6861979166666666 0.6324074074074074 0.09322916666666667 0.21851851851851853
2 0.24479166666666666 0.49583333333333335 0.009375 0.019444444444444445
2 0.20364583333333333 0.600462962962963 0.008333333333333333 0.017592592592592594
0 0.6622395833333333 0.6208333333333333 0.013020833333333334 0.028703703703703703