0 0.3507135416666667 0.33287037037037037 0.019911458333333344 0.033111111111111105
9 0.357375 0.29847222222222225 0.0358125 0.023694444444444473
8 0.032677083333333336 0.7573796296296297 0.049942708333333335 0.262074074074074
3 0.24209895833333334 0.8231481481481482 0.07014583333333331 0.2883888888888889
3 0.32869270833333336 0.8169351851851852 0.10719791666666663 0.27325925925925915
8 0.5568020833333333 0.9191388888888888 0.060880208333333324 0.1617222222222223
3 0.5820416666666667 0.6001388888888889 0.048588541666666644 0.2618333333333333
3 0.41773958333333333 0.4971203703703704 0.0837552083333333 0.19293518518518524
3 0.43925000000000003 0.4675740740740741 0.05402604166666668 0.21676851851851858
3 0.5795 0.4340277777777778 0.07179166666666674 0.18255555555555558
3 0.5591458333333333 0.3703796296296296 0.04810416666666673 0.22236111111111115
8 0.8255833333333332 0.37580555555555556 0.045885416666666616 0.20821296296296302
3 0.76734375 0.9569814814814814 0.07736979166666676 0.0860370370370371
2 0.7750781250000001 0.9533703703703704 0.016630208333333247 0.036129629629629616
3 0.9768645833333333 0.9686388888888889 0.04211979166666661 0.06272222222222212
2 0.3188020833333333 0.7626388888888889 0.017661458333333376 0.035731481481481406
2 0.22239583333333332 0.7464166666666666 0.010010416666666681 0.03152777777777774
2 0.5601354166666667 0.33117592592592593 0.008104166666666638 0.018629629629629635
2 0.5755781249999999 0.41120370370370374 0.0070208333333333425 0.017175925925925883
2 0.4132395833333333 0.46662037037037035 0.007052083333333315 0.014824074074074066
2 0.5896666666666667 0.5454166666666667 0.013609375000000057 0.03757407407407401