3 0.05807291666666667 0.7472222222222222 0.06822916666666666 0.3111111111111111
3 0.2 0.6861111111111111 0.06770833333333333 0.3037037037037037
3 0.7510416666666667 0.6078703703703704 0.09791666666666667 0.25833333333333336
3 0.16848958333333333 0.5069444444444444 0.05572916666666667 0.24537037037037038
3 0.36666666666666664 0.44074074074074077 0.046875 0.21296296296296297
8 0.3731770833333333 0.300462962962963 0.043229166666666666 0.19722222222222222
3 0.7065104166666667 0.5449074074074074 0.07239583333333334 0.2675925925925926
3 0.6251979166666667 0.2916388888888889 0.05247916666666678 0.21475000000000002
3 0.6458333333333334 0.32083333333333336 0.07604166666666666 0.18611111111111112
2 0.6861979166666666 0.5412037037037037 0.021354166666666667 0.030555555555555555
2 0.048177083333333336 0.6824074074074075 0.011979166666666667 0.02962962962962963
8 0.2604166666666667 0.8842592592592593 0.04895833333333333 0.23148148148148148
3 0.6919270833333333 0.5981481481481481 0.0765625 0.2777777777777778
2 0.1984375 0.6222222222222222 0.0125 0.03148148148148148
9 0.75 0.24444444444444444 0.0375 0.020370370370370372
2 0.7083333333333334 0.47824074074074074 0.014583333333333334 0.032407407407407406
0 0.31692708333333336 0.24722222222222223 0.018229166666666668 0.03333333333333333
2 0.7643229166666666 0.5564814814814815 0.011979166666666667 0.03333333333333333
2 0.16119791666666666 0.44722222222222224 0.008854166666666666 0.027777777777777776
4 0.31015625 0.3458333333333333 0.0421875 0.23425925925925925
2 0.6455729166666667 0.2865740740740741 0.013020833333333334 0.030555555555555555
2 0.35488020833333334 0.39667592592592593 0.009682291666666624 0.024138888888888935