5 0.21290104166666665 0.6050185185185185 0.050052083333333344 0.3518796296296296
2 0.211875 0.5968981481481481 0.012343750000000023 0.03331481481481483
0 0.22490104166666666 0.40632407407407406 0.02102604166666667 0.03900925925925926
7 0.2699270833333333 0.5576851851851852 0.058968750000000014 0.2588333333333333
3 0.30318229166666666 0.49572222222222223 0.05325520833333333 0.22916666666666666
3 0.223875 0.3630555555555556 0.05965624999999998 0.18975925925925932
8 0.26809895833333336 0.3002777777777778 0.035197916666666655 0.16659259259259254
9 0.35415104166666667 0.21128703703703702 0.03177083333333333 0.019500000000000003
3 0.35632291666666666 0.3758518518518519 0.04525520833333339 0.2121018518518519
3 0.37038020833333335 0.4138425925925926 0.04502604166666669 0.21169444444444444
3 0.386609375 0.44106481481481485 0.04868229166666668 0.21087962962962964
8 0.4592916666666667 0.7254999999999999 0.05599479166666666 0.1621203703703703
3 0.577796875 0.42989814814814814 0.05942708333333328 0.2096666666666666
3 0.743046875 0.4882037037037037 0.06810937499999999 0.24501851851851847
3 0.7435052083333333 0.6793796296296296 0.04251041666666661 0.23404629629629628
2 0.3045677083333333 0.46159259259259255 0.00838020833333329 0.02480555555555552
2 0.2666145833333333 0.5425092592592592 0.009255208333333324 0.019999999999999917
2 0.36929687499999997 0.38185185185185183 0.007005208333333357 0.018657407407407386