3 0.20442708333333334 0.7222222222222222 0.07760416666666667 0.2351851851851852
3 0.26328125 0.6111111111111112 0.0578125 0.2574074074074074
3 0.5864583333333333 0.4888888888888889 0.07395833333333333 0.22407407407407406
3 0.3723958333333333 0.5990740740740741 0.07604166666666666 0.24444444444444444
3 0.437609375 0.5214537037037037 0.09292187500000004 0.20893518518518522
3 0.9270833333333334 0.5458333333333333 0.053119791666666555 0.25833333333333336
8 0.7098958333333333 0.29398148148148145 0.0375 0.18055555555555555
3 0.7971354166666667 0.34120370370370373 0.0515625 0.2064814814814815
3 0.41164062500000004 0.4036388888888889 0.04293750000000003 0.1779629629629629
8 0.759375 0.8319444444444445 0.06458333333333334 0.2361111111111111
8 0.12161458333333333 0.5944444444444444 0.0328125 0.22777777777777777
0 0.374015625 0.18230555555555555 0.01594791666666661 0.02912962962962961
2 0.37890625 0.5481481481481482 0.016145833333333335 0.024074074074074074
2 0.25364583333333335 0.5518518518518518 0.010416666666666666 0.027777777777777776
9 0.3564583333333333 0.23037962962962963 0.030729166666666665 0.018500000000000016
2 0.4127604166666667 0.38472222222222224 0.008854166666666666 0.021296296296296296
2 0.43645833333333334 0.48657407407407405 0.008333333333333333 0.019444444444444445
2 0.7947916666666667 0.300462962962963 0.00625 0.019444444444444445
2 0.19375 0.6828703703703703 0.009375 0.032407407407407406
3 0.461734375 0.4819907407407407 0.045645833333333385 0.19907407407407407
3 0.7688281250000001 0.7865740740740741 0.12125520833333331 0.12557407407407398