0 0.23884375 0.32241666666666663 0.016911458333333348 0.03535185185185181
5 0.209703125 0.6182314814814815 0.04548437500000002 0.3067777777777777
7 0.24890104166666666 0.6027870370370371 0.059880208333333344 0.2888981481481481
2 0.21164583333333334 0.5966944444444444 0.010057291666666638 0.02640740740740739
3 0.3045572916666667 0.49256481481481484 0.0515260416666667 0.2245092592592593
3 0.35941666666666666 0.3737685185185185 0.04715624999999998 0.21919444444444441
3 0.393578125 0.4441111111111111 0.06026562500000002 0.21755555555555559
3 0.37321875000000004 0.4124166666666667 0.04393749999999995 0.20978703703703708
3 0.5671354166666667 0.4287685185185185 0.05313541666666666 0.21632407407407406
3 0.722171875 0.4819351851851852 0.07797916666666656 0.2359537037037037
3 0.7350520833333333 0.6915185185185185 0.04853645833333336 0.2478148148148149
8 0.46005729166666665 0.7301574074074074 0.05244791666666669 0.16971296296296293
3 0.230375 0.36886111111111114 0.08119791666666666 0.17665740740740737
8 0.2707447916666667 0.30077777777777776 0.040942708333333314 0.16971296296296293
9 0.35275 0.21039814814814814 0.032895833333333374 0.024944444444444443
2 0.3083072916666667 0.45885185185185184 0.007223958333333277 0.02077777777777783
2 0.25084375 0.5600925925925926 0.008046875000000024 0.021361111111111053
2 0.37057291666666664 0.382 0.006390624999999991 0.018444444444444406
2 0.5606510416666667 0.3910925925925926 0.005729166666666666 0.017851851851851827