3 0.48020833333333335 0.36018518518518516 0.051041666666666666 0.21666666666666667
8 0.021875 0.3226851851851852 0.04375 0.20092592592592592
3 0.15989583333333332 0.3648148148148148 0.05416666666666667 0.20555555555555555
3 0.178125 0.4597222222222222 0.06979166666666667 0.20277777777777778
3 0.40390625 0.2824074074074074 0.0421875 0.2
8 0.71328125 0.36666666666666664 0.04010416666666667 0.21296296296296297
3 0.3067708333333333 0.49074074074074076 0.053125 0.2351851851851852
3 0.6372395833333333 0.475 0.04739583333333333 0.27037037037037037
3 0.6012083333333333 0.41388888888888886 0.07116145833333339 0.22777777777777777
8 0.5963541666666666 0.8337962962962963 0.065625 0.3138888888888889
3 0.3151041666666667 0.4064814814814815 0.035416666666666666 0.2074074074074074
5 0.43828125 0.7134259259259259 0.06927083333333334 0.3527777777777778
0 0.4942708333333333 0.26944444444444443 0.01875 0.03333333333333333
7 0.4677864583333333 0.6893518518518519 0.06026041666666669 0.30092592592592593
2 0.4083333333333333 0.24722222222222223 0.0125 0.020370370370370372
9 0.63828125 0.21805555555555556 0.034895833333333334 0.023148148148148147
2 0.6408854166666667 0.41064814814814815 0.009895833333333333 0.026851851851851852
2 0.4359375 0.6837962962962963 0.011458333333333333 0.030555555555555555
2 0.47161458333333334 0.32407407407407407 0.008854166666666666 0.020370370370370372
2 0.18046875 0.4263888888888889 0.008854166666666666 0.019444444444444445
2 0.153125 0.3300925925925926 0.009375 0.019444444444444445
2 0.31144791666666666 0.43166666666666664 0.007796875000000014 0.026111111111111154
2 0.6133124999999999 0.3739722222222222 0.015218749999999896 0.021481481481481525