7 0.336703125 0.44286111111111115 0.08866145833333335 0.26030555555555557
4 0.30829687499999997 0.4789907407407407 0.05609895833333335 0.24467592592592594
0 0.30270833333333336 0.45219444444444445 0.017270833333333378 0.03145370370370373
3 0.380796875 0.36574074074074076 0.04848958333333329 0.20749074074074078
3 0.42928645833333334 0.277 0.05134374999999996 0.19903703703703707
3 0.6803020833333334 0.40546296296296297 0.050390625 0.22100925925925932
3 0.8239947916666667 0.3632037037037037 0.048729166666666636 0.22270370370370368
8 0.9830104166666668 0.34101851851851855 0.03397916666666655 0.18509259259259256
3 0.410390625 0.7578981481481482 0.09056250000000006 0.3207407407407408
3 0.3976770833333333 0.6304907407407407 0.05942708333333328 0.27551851851851844
8 0.259453125 0.8147314814814814 0.056812499999999995 0.26875925925925925
3 0.08034374999999999 0.6959907407407407 0.09032812500000001 0.2865092592592593
3 0.12729166666666666 0.6757037037037037 0.0725 0.2510092592592592
2 0.08259895833333333 0.6364074074074074 0.014026041666666671 0.030425925925925832
2 0.39791145833333336 0.6989444444444445 0.01616145833333332 0.030425925925925832
2 0.38994791666666667 0.5632962962962963 0.0140260416666667 0.03296296296296288
8 0.218328125 0.3547592592592593 0.05063020833333335 0.19227777777777774
9 0.27003125 0.22100925925925927 0.03613020833333331 0.027888888888888894
2 0.42512500000000003 0.24839814814814812 0.012437500000000056 0.015666666666666627
2 0.6790937499999999 0.36877777777777776 0.004645833333333372 0.016537037037037048
2 0.8238072916666667 0.3287407407407408 0.0069010416666666664 0.016416666666666684