3 0.03203125 0.7935185185185185 0.0640625 0.32222222222222224
3 0.2786458333333333 0.6398148148148148 0.07604166666666666 0.28703703703703703
3 0.13098958333333333 0.5388888888888889 0.06510416666666667 0.2537037037037037
3 0.6294270833333333 0.33055555555555555 0.0578125 0.2222222222222222
3 0.59765625 0.30462962962962964 0.0453125 0.21481481481481482
8 0.38385416666666666 0.30787037037037035 0.03958333333333333 0.20092592592592592
3 0.6956666666666667 0.5625 0.1100833333333334 0.275
3 0.7837239583333333 0.5683425925925926 0.04926562500000008 0.23956481481481484
2 0.7104166666666667 0.5328703703703703 0.020833333333333332 0.030555555555555555
2 0.5947916666666667 0.2712962962962963 0.008333333333333333 0.018518518518518517
2 0.28515625 0.5731481481481482 0.011979166666666667 0.02962962962962963
9 0.75 0.2518518518518518 0.036458333333333336 0.020370370370370372
3 0.321875 0.34074074074074073 0.042708333333333334 0.25555555555555554
2 0.017708333333333333 0.7222222222222222 0.010416666666666666 0.03148148148148148
3 0.35208333333333336 0.35555555555555557 0.057291666666666664 0.20185185185185187
8 0.28125 0.8902777777777777 0.05 0.21944444444444444
3 0.7155052083333333 0.5897222222222221 0.10881250000000003 0.2733240740740741
2 0.33354687499999996 0.32157407407407407 0.007984374999999962 0.025120370370370366