3 0.3237447916666667 0.5727685185185185 0.05192708333333336 0.19129629629629621
3 0.36519270833333334 0.7573888888888889 0.06537499999999999 0.2602499999999999
3 0.47983333333333333 0.6139166666666667 0.06130729166666669 0.08452777777777774
3 0.5245624999999999 0.6503425925925926 0.06193229166666671 0.24634259259259256
3 0.5750833333333334 0.5855555555555555 0.07100520833333329 0.24134259259259253
3 0.5807135416666667 0.46572222222222226 0.09853124999999997 0.2018611111111111
3 0.5907187500000001 0.5457962962962963 0.06412499999999995 0.23299999999999993
3 0.44636458333333334 0.3244722222222222 0.0456666666666667 0.186287037037037
3 0.46481770833333336 0.23633333333333334 0.045041666666666674 0.19018518518518515
8 0.25461979166666665 0.32058333333333333 0.040036458333333365 0.15848148148148145
8 0.4293177083333333 0.8107777777777778 0.054739583333333286 0.24245370370370384
8 0.866140625 0.3155833333333333 0.04129166666666677 0.19296296296296295
5 0.7712083333333334 0.4326388888888889 0.04597916666666677 0.23577777777777773
0 0.767296875 0.33421296296296293 0.016890624999999916 0.03448148148148149
2 0.5797395833333333 0.5398055555555555 0.019427083333333428 0.029657407407407382
2 0.5229427083333333 0.5944537037037037 0.020114583333333276 0.03494444444444445
2 0.7676875 0.39728703703703705 0.006125000000000114 0.01999074074074077
2 0.461671875 0.2038425925925926 0.006411458333333305 0.018796296296296307
2 0.47644791666666664 0.6065648148148148 0.008583333333333342 0.014814814814814815