0 0.5984114583333333 0.14805555555555555 0.019192708333333287 0.032388888888888905
9 0.3028645833333333 0.302462962962963 0.03057812500000002 0.024287037037037055
8 0.4041666666666667 0.8842592592592593 0.05625 0.23148148148148148
3 0.3770364583333333 0.6864814814814815 0.057906250000000034 0.22554629629629622
8 0.8770364583333333 0.40223148148148147 0.036432291666666575 0.1914259259259259
8 0.26919270833333336 0.39644444444444443 0.0426145833333333 0.1613518518518518
3 0.45169270833333336 0.4083055555555556 0.0426145833333333 0.1873796296296296
3 0.4991875 0.3261759259259259 0.03741145833333329 0.18969444444444444
3 0.761390625 0.5176018518518518 0.04911979166666664 0.25562037037037033
3 0.6929114583333333 0.5361111111111111 0.09889583333333339 0.1977870370370371
3 0.5377395833333334 0.5933703703703704 0.05530208333333331 0.212824074074074
3 0.5666927083333333 0.7674444444444445 0.06245833333333337 0.2718148148148148
3 0.5076458333333334 0.853324074074074 0.05888020833333331 0.242324074074074
3 0.47853124999999996 0.6847407407407408 0.07221875000000004 0.17581481481481492
3 0.5100885416666666 0.6598796296296295 0.07156770833333338 0.23711111111111105
2 0.5642604166666667 0.7082222222222222 0.022062500000000065 0.029870370370370363
2 0.51546875 0.6109259259259259 0.01680208333333333 0.03318518518518511
2 0.5433854166666666 0.5445555555555556 0.012895833333333447 0.029564814814814874
2 0.463203125 0.6335555555555555 0.011369791666666629 0.01930555555555547
2 0.5022864583333333 0.2977962962962963 0.005276041666666723 0.016611111111111163