9 0.27404166666666663 0.24588888888888888 0.034286458333333325 0.029222222222222198
3 0.23435416666666667 0.4189259259259259 0.05917708333333334 0.20497222222222222
3 0.2754479166666667 0.44919444444444445 0.05306770833333336 0.22209259259259256
3 0.3286354166666667 0.5986481481481482 0.09087500000000001 0.11522222222222227
3 0.36938020833333335 0.5395740740740741 0.05401041666666669 0.2308611111111111
3 0.3417864583333333 0.6165925925925926 0.05894270833333337 0.202888888888889
3 0.39896354166666664 0.5948888888888889 0.0605833333333333 0.187861111111111
3 0.39180208333333333 0.330212962962963 0.043911458333333306 0.19787962962962966
3 0.5417395833333334 0.46212962962962967 0.04649479166666666 0.2296018518518519
3 0.5476093750000001 0.31852777777777774 0.049781249999999964 0.1728333333333333
8 0.32111979166666665 0.7727222222222222 0.064578125 0.23795370370370372
3 0.8983177083333334 0.47444444444444445 0.0448489583333334 0.2158333333333333
8 0.8259947916666667 0.35964814814814816 0.03217187499999999 0.17992592592592596
2 0.39386458333333335 0.5647685185185186 0.013953124999999981 0.030009259259259336
2 0.3375416666666667 0.5727685185185185 0.015416666666666618 0.028407407407407468
2 0.3831979166666667 0.4924351851851852 0.00841666666666671 0.020120370370370386
8 0.24222916666666666 0.3347777777777778 0.04070833333333332 0.14474074074074078
2 0.241609375 0.3890185185185185 0.00703125 0.015833333333333355
2 0.39184375 0.2985648148148148 0.003333333333333381 0.012574074074074112
2 0.5533072916666666 0.2916759259259259 0.005661458333333276 0.013555555555555543
0 0.280265625 0.20337962962962963 0.015854166666666693 0.025611111111111133
2 0.5437708333333333 0.4130185185185185 0.009348958333333239 0.026296296296296276