3 0.3028645833333333 0.5962962962962963 0.0640625 0.2037037037037037
3 0.7533854166666667 0.513425925925926 0.059895833333333336 0.19722222222222222
3 0.19010416666666666 0.8208333333333333 0.06770833333333333 0.262037037037037
3 0.6442708333333333 0.6532407407407408 0.05 0.2101851851851852
3 0.825 0.7546296296296297 0.059375 0.22592592592592592
3 0.8015625 0.5069444444444444 0.04479166666666667 0.21203703703703702
3 0.52890625 0.4078703703703704 0.04635416666666667 0.19537037037037036
8 0.9817708333333334 0.638425925925926 0.034375 0.22314814814814815
8 0.3221354166666667 0.8115740740740741 0.05364583333333333 0.13796296296296295
3 0.5638020833333334 0.3199074074074074 0.0484375 0.19722222222222222
2 0.53046875 0.35324074074074074 0.015104166666666667 0.023148148148148147
2 0.30546875 0.3939814814814815 0.015104166666666667 0.023148148148148147
2 0.18385416666666668 0.7689814814814815 0.015625 0.030555555555555555
7 0.31979166666666664 0.41944444444444445 0.07916666666666666 0.2722222222222222
2 0.5611979166666666 0.2847222222222222 0.0067708333333333336 0.017592592592592594
2 0.8184895833333333 0.7194444444444444 0.009895833333333333 0.027777777777777776
0 0.25677083333333334 0.3087962962962963 0.015625 0.030555555555555555
2 0.8072916666666666 0.45787037037037037 0.011458333333333333 0.023148148148148147
9 0.7236979166666667 0.2851851851851852 0.03177083333333333 0.018518518518518517
2 0.753125 0.4777777777777778 0.009375 0.025925925925925925
4 0.24973958333333332 0.40694444444444444 0.044270833333333336 0.23055555555555557
2 0.31328125 0.5527777777777778 0.005729166666666666 0.024074074074074074
8 0.3104166666666667 0.36898148148148147 0.057291666666666664 0.1712962962962963