3 0.46484375 0.4597222222222222 0.05677083333333333 0.2324074074074074
3 0.06614583333333333 0.6087962962962963 0.07604166666666666 0.2361111111111111
3 0.375 0.5615740740740741 0.078125 0.2101851851851852
3 0.04401041666666667 0.48935185185185187 0.06197916666666667 0.21203703703703702
3 0.33958333333333335 0.7912037037037037 0.09791666666666667 0.3416666666666667
8 0.578125 0.8773148148148148 0.0625 0.24537037037037038
3 0.31953125 0.4875 0.04114583333333333 0.23055555555555557
3 0.37109375 0.4009259259259259 0.0453125 0.21481481481481482
3 0.28958333333333336 0.8629629629629629 0.11979166666666667 0.2722222222222222
8 0.6794270833333333 0.41388888888888886 0.04114583333333333 0.2037037037037037
3 0.5700520833333333 0.5153888888888889 0.06614583333333333 0.25255555555555553
2 0.3390625 0.7777777777777778 0.021875 0.02962962962962963
2 0.36770833333333336 0.36064814814814816 0.013541666666666667 0.021296296296296296
8 0.0078125 0.39351851851851855 0.015625 0.2074074074074074
0 0.6125 0.31527777777777777 0.01875 0.023148148148148147
2 0.5713541666666667 0.4671296296296296 0.010416666666666666 0.021296296296296296
2 0.46458333333333335 0.4185185185185185 0.008333333333333333 0.020370370370370372
9 0.6130208333333333 0.29259259259259257 0.035416666666666666 0.022222222222222223
2 0.3229166666666667 0.45 0.007291666666666667 0.022222222222222223
2 0.07135416666666666 0.5638888888888889 0.010416666666666666 0.022222222222222223
2 0.29244791666666664 0.8069444444444445 0.016145833333333335 0.03425925925925926
2 0.37838541666666664 0.5125 0.009895833333333333 0.023148148148148147
3 0.5724947916666667 0.4904907407407408 0.06129687500000003 0.23051851851851854
1 0.6134635416666666 0.3137685185185185 0.035541666666666555 0.06867592592592589
2 0.04211979166666667 0.45337037037037037 0.010531249999999999 0.02014814814814814