8 0.5888020833333333 0.7712962962962963 0.06822916666666666 0.21481481481481482
8 0.023177083333333334 0.35 0.04635416666666667 0.1925925925925926
3 0.4869791666666667 0.5949074074074074 0.065625 0.2638888888888889
3 0.27317708333333335 0.7444444444444445 0.06927083333333334 0.2722222222222222
3 0.66953125 0.4046296296296296 0.06927083333333334 0.18518518518518517
3 0.4270833333333333 0.3726851851851852 0.05520833333333333 0.20833333333333334
3 0.76875 0.6287037037037037 0.05 0.2222222222222222
8 0.7825520833333334 0.36203703703703705 0.043229166666666666 0.19074074074074074
3 0.39348958333333334 0.33564814814814814 0.0515625 0.19537037037037036
3 0.6848958333333334 0.37037037037037035 0.06770833333333333 0.1814814814814815
3 0.19401041666666666 0.5388888888888889 0.0671875 0.22962962962962963
3 0.8252604166666667 0.7398148148148148 0.0546875 0.22777777777777777
3 0.17339062500000002 0.48518518518518516 0.051984375000000034 0.2388888888888889
2 0.496875 0.5342592592592592 0.01875 0.027777777777777776
2 0.83046875 0.7069444444444445 0.013020833333333334 0.028703703703703703
2 0.27005208333333336 0.6930555555555555 0.011979166666666667 0.028703703703703703
2 0.41901041666666666 0.3347222222222222 0.008854166666666666 0.023148148148148147
9 0.7291666666666666 0.24305555555555555 0.034375 0.019444444444444445
2 0.6682291666666667 0.36574074074074076 0.008333333333333333 0.022222222222222223
2 0.39296875 0.3055555555555556 0.0109375 0.020370370370370372
2 0.18098958333333334 0.49907407407407406 0.011979166666666667 0.024074074074074074