3 0.25364583333333335 0.7430648148148148 0.08229166666666667 0.25259259259259254
3 0.5520833333333334 0.4976851851851852 0.071875 0.24351851851851852
8 0.7869791666666667 0.8666666666666667 0.057291666666666664 0.25
3 0.34296875 0.5925925925925926 0.059895833333333336 0.2518518518518518
3 0.8768229166666667 0.36092592592592593 0.04609895833333345 0.21348148148148155
3 0.4401041666666667 0.4986111111111111 0.06770833333333333 0.24537037037037038
3 0.37534375 0.4493888888888889 0.04443229166666664 0.20432407407407405
3 0.7919270833333333 0.7708333333333334 0.12552083333333333 0.19166666666666668
3 0.27616145833333333 0.5967592592592592 0.05128645833333335 0.23055555555555557
8 0.7299479166666667 0.2949074074074074 0.04114583333333333 0.1935185185185185
8 0.109375 0.612037037037037 0.035416666666666666 0.24259259259259258
2 0.34661458333333334 0.5444444444444444 0.019270833333333334 0.02962962962962963
3 0.971875 0.5603703703703704 0.05625 0.2603703703703704
2 0.27421875 0.5560185185185185 0.011979166666666667 0.026851851851851852
0 0.3446458333333334 0.18844444444444444 0.014723958333333323 0.02683333333333335
9 0.35651041666666666 0.22777777777777777 0.03177083333333333 0.022222222222222223
2 0.37890625 0.425462962962963 0.009895833333333333 0.019444444444444445
3 0.42593749999999997 0.45099074074074075 0.06083854166666664 0.21962962962962956
2 0.7680208333333333 0.7424351851851853 0.016916666666666677 0.02381481481481484
2 0.8696927083333333 0.3214259259259259 0.0074947916666666 0.017305555555555605