8 0.7098958333333333 0.8009259259259259 0.05416666666666667 0.15925925925925927
3 0.49270833333333336 0.5060185185185185 0.075 0.23055555555555557
3 0.72890625 0.4046296296296296 0.050520833333333334 0.19074074074074074
3 0.6 0.5601851851851852 0.078125 0.2388888888888889
3 0.6611979166666667 0.412962962962963 0.049479166666666664 0.21481481481481482
8 0.8596354166666667 0.39444444444444443 0.04739583333333333 0.19074074074074074
3 0.175 0.7129629629629629 0.0625 0.2722222222222222
3 0.52265625 0.7847222222222222 0.05572916666666667 0.19166666666666668
3 0.6755208333333333 0.6675925925925926 0.065625 0.22962962962962963
8 0.17291666666666666 0.3625 0.053125 0.18055555555555555
3 0.22526041666666666 0.43425925925925923 0.050520833333333334 0.26296296296296295
3 0.29765625 0.4587962962962963 0.0359375 0.20833333333333334
3 0.1625 0.49953703703703706 0.034375 0.2361111111111111
2 0.16432291666666668 0.6537037037037037 0.018229166666666668 0.03148148148148148
2 0.5270833333333333 0.7768518518518519 0.014583333333333334 0.027777777777777776
2 0.728125 0.37546296296296294 0.007291666666666667 0.01574074074074074
2 0.6783854166666666 0.6277777777777778 0.009895833333333333 0.027777777777777776
9 0.7903645833333334 0.2773148148148148 0.033854166666666664 0.017592592592592594
2 0.6619791666666667 0.3712962962962963 0.007291666666666667 0.018518518518518517
0 0.7734375 0.3824074074074074 0.014583333333333334 0.02962962962962963
2 0.5921875 0.5106481481481482 0.013541666666666667 0.028703703703703703
2 0.214265625 0.4075462962962963 0.008270833333333331 0.024888888888888884