3 0.8325520833333333 0.3587962962962963 0.06510416666666667 0.2064814814814815
3 0.36302083333333335 0.6277777777777778 0.078125 0.25
3 0.2671875 0.600925925925926 0.051041666666666666 0.2574074074074074
3 0.5815104166666667 0.4875 0.058854166666666666 0.2324074074074074
3 0.21510416666666668 0.7273148148148149 0.06354166666666666 0.24351851851851852
3 0.9453125 0.5527777777777778 0.058333333333333334 0.26666666666666666
8 0.71953125 0.2953703703703704 0.0390625 0.18518518518518517
8 0.7703125 0.8467592592592592 0.059375 0.23981481481481481
3 0.43203125 0.5120370370370371 0.07135416666666666 0.23148148148148148
3 0.40219270833333337 0.4245277777777778 0.05603124999999996 0.21021296296296293
8 0.11796875 0.6023148148148149 0.033854166666666664 0.2324074074074074
0 0.36432291666666666 0.18518518518518517 0.016145833333333335 0.03148148148148148
2 0.365625 0.5763888888888888 0.01875 0.032407407407407406
2 0.2625 0.5444444444444444 0.0125 0.025925925925925925
9 0.3575520833333333 0.23055555555555557 0.03177083333333333 0.020370370370370372
2 0.4 0.39166666666666666 0.008333333333333333 0.020370370370370372
2 0.21328125 0.687962962962963 0.008854166666666666 0.03333333333333333
2 0.8234375 0.3199074074074074 0.007291666666666667 0.019444444444444445
3 0.436640625 0.47364814814814815 0.053052083333333284 0.2024537037037037
3 0.778609375 0.7914629629629629 0.12171354166666669 0.14387962962962952