0 0.33832812500000004 0.16152777777777777 0.01264583333333332 0.028898148148148128
9 0.3525989583333333 0.2124259259259259 0.03179166666666665 0.0176574074074074
3 0.308671875 0.5101111111111111 0.0469114583333333 0.22381481481481483
3 0.12208333333333335 0.6642777777777777 0.07727083333333336 0.20387037037037042
3 0.20018750000000002 0.6841388888888889 0.0584322916666667 0.18275925925925915
3 0.4854114583333333 0.48785185185185187 0.06332291666666663 0.2352037037037037
3 0.45296875000000003 0.47382407407407406 0.06996874999999995 0.21675925925925923
3 0.4311458333333333 0.4487777777777777 0.043656249999999966 0.21804629629629627
3 0.40867187499999996 0.42745370370370367 0.043515624999999974 0.21099999999999994
3 0.3963645833333333 0.38457407407407407 0.05551562499999996 0.20820370370370372
3 0.33937500000000004 0.3597962962962963 0.05231770833333336 0.1942222222222222
8 0.26571354166666666 0.30041666666666667 0.04371354166666664 0.1730833333333333
2 0.3003958333333333 0.4662777777777778 0.011921875000000052 0.028259259259259296
2 0.12283333333333334 0.6359907407407407 0.011562499999999995 0.03114814814814824
2 0.194 0.6772592592592593 0.011562500000000024 0.028898148148148183
8 0.4723125 0.7203333333333334 0.05759895833333329 0.1977037037037037
3 0.75428125 0.6905925925925926 0.0818749999999999 0.24500925925925918
2 0.759875 0.6503518518518518 0.013687500000000104 0.03071296296296303
2 0.34684895833333335 0.3278333333333333 0.005656249999999948 0.016555555555555553
2 0.3988229166666667 0.3522314814814815 0.006218750000000028 0.018462962962963014