3 0.29322916666666665 0.6199074074074075 0.071875 0.26944444444444443
3 0.029427083333333333 0.7986111111111112 0.058854166666666666 0.32685185185185184
3 0.59140625 0.3111111111111111 0.049479166666666664 0.20555555555555555
3 0.6265625 0.33240740740740743 0.0625 0.22037037037037038
3 0.12760416666666666 0.5421296296296296 0.065625 0.2564814814814815
3 0.7833333333333333 0.5648148148148148 0.05 0.2462962962962963
8 0.384375 0.30833333333333335 0.03958333333333333 0.2037037037037037
3 0.70546875 0.5866481481481481 0.0921875 0.27884259259259253
3 0.349796875 0.3484814814814815 0.06082812499999998 0.19495370370370366
2 0.70859375 0.5314814814814814 0.021354166666666667 0.03148148148148148
2 0.5890625 0.2773148148148148 0.007291666666666667 0.017592592592592594
9 0.7502604166666667 0.2523148148148148 0.03697916666666667 0.021296296296296296
2 0.3015625 0.5615740740740741 0.010416666666666666 0.030555555555555555
2 0.01328125 0.7277777777777777 0.0109375 0.03148148148148148
3 0.31994791666666667 0.34405555555555556 0.04097395833333337 0.24801851851851853
8 0.2825520833333333 0.8907407407407407 0.050520833333333334 0.21851851851851853
3 0.6986145833333333 0.5596388888888889 0.10827083333333339 0.277462962962963