4 0.29973958333333334 0.5221018518518519 0.0698854166666667 0.23622222222222228
0 0.30984375 0.5117407407407407 0.018776041666666642 0.029583333333333375
3 0.34003125 0.5884444444444444 0.08010416666666664 0.22185185185185177
3 0.2960625 0.4194537037037037 0.06561458333333334 0.21234259259259258
3 0.41738020833333334 0.3925462962962963 0.05329166666666663 0.2213888888888889
3 0.5499479166666668 0.32899074074074075 0.05490104166666665 0.23138888888888887
3 0.444296875 0.5941851851851853 0.06373958333333339 0.27233333333333326
3 0.39408333333333334 0.6206018518518519 0.07043229166666667 0.26995370370370364
8 0.2919114583333334 0.8362870370370371 0.06320312499999999 0.26328703703703693
3 0.7031354166666667 0.7751018518518518 0.09239583333333339 0.3694629629629628
3 0.8119999999999999 0.39802777777777776 0.06106249999999989 0.20377777777777775
3 0.9289010416666666 0.39969444444444446 0.061328125 0.2585277777777777
2 0.70603125 0.6947777777777778 0.01625520833333335 0.033675925925925825
2 0.4468333333333333 0.5436111111111112 0.016489583333333377 0.03350925925925931
2 0.4053541666666666 0.5648888888888889 0.01463020833333329 0.031083333333333275
2 0.32760416666666664 0.5416296296296297 0.01835416666666667 0.026898148148148105
8 0.22165104166666666 0.34951851851851856 0.04711979166666668 0.21268518518518523
9 0.28933333333333333 0.2219722222222222 0.03920312499999999 0.02674999999999999
2 0.5504322916666666 0.2965833333333333 0.01399479166666661 0.01796296296296294
2 0.8120052083333333 0.36550925925925926 0.005885416666666762 0.015333333333333282
2 0.2914895833333333 0.3858518518518519 0.00625 0.017675925925925956
2 0.919015625 0.3659074074074074 0.0054531249999998956 0.018666666666666637