3 0.76953125 0.625462962962963 0.05364583333333333 0.22314814814814815
8 0.023177083333333334 0.34675925925925927 0.04635416666666667 0.19166666666666668
3 0.6341145833333334 0.3824074074074074 0.06302083333333333 0.18518518518518517
3 0.28828125 0.7453703703703703 0.05364583333333333 0.27037037037037037
8 0.5940104166666667 0.7865740740740741 0.0578125 0.18425925925925926
3 0.40598958333333335 0.3861111111111111 0.059895833333333336 0.2074074074074074
3 0.44375 0.6555555555555556 0.075 0.26296296296296295
8 0.7856770833333333 0.3680555555555556 0.03697916666666667 0.19537037037037036
3 0.36041666666666666 0.31805555555555554 0.046875 0.20277777777777778
3 0.6580729166666667 0.3296296296296296 0.0421875 0.18518518518518517
3 0.8385416666666666 0.7324074074074074 0.0625 0.20925925925925926
3 0.24192708333333332 0.49074074074074076 0.0765625 0.2574074074074074
2 0.44479166666666664 0.5962962962962963 0.017708333333333333 0.027777777777777776
0 0.35625 0.06759259259259259 0.01875 0.03518518518518519
2 0.2890625 0.6949074074074074 0.0125 0.028703703703703703
2 0.8489583333333334 0.7111111111111111 0.0125 0.027777777777777776
3 0.2078125 0.5054629629629629 0.052083333333333336 0.28537962962962965
2 0.4109375 0.3402777777777778 0.009375 0.023148148148148147
9 0.7299479166666667 0.24027777777777778 0.0328125 0.019444444444444445
2 0.65625 0.3050925925925926 0.008333333333333333 0.01574074074074074
2 0.63671875 0.3435185185185185 0.0078125 0.022222222222222223
2 0.7625 0.5856481481481481 0.008333333333333333 0.021296296296296296
2 0.24661458333333333 0.425 0.009895833333333333 0.022222222222222223
2 0.36484375 0.2833333333333333 0.009895833333333333 0.020370370370370372
2 0.194390625 0.4751111111111111 0.006739583333333362 0.02082407407407408