8 0.7169270833333333 0.7967592592592593 0.05260416666666667 0.1675925925925926
3 0.6494791666666667 0.39351851851851855 0.05625 0.19814814814814816
3 0.4828125 0.5893518518518519 0.071875 0.24722222222222223
3 0.43255208333333334 0.5097222222222222 0.06927083333333334 0.23055555555555557
3 0.5518229166666667 0.7833333333333333 0.0578125 0.1925925925925926
3 0.290625 0.4666666666666667 0.05520833333333333 0.2037037037037037
3 0.6921875 0.3509259259259259 0.046875 0.14814814814814814
3 0.17994791666666668 0.725462962962963 0.0671875 0.2638888888888889
3 0.17421875 0.5138888888888888 0.0484375 0.2518518518518518
8 0.8549479166666667 0.39444444444444443 0.044270833333333336 0.18518518518518517
3 0.6723958333333333 0.6754629629629629 0.04895833333333333 0.2361111111111111
8 0.13307291666666668 0.3712962962962963 0.05260416666666667 0.17037037037037037
0 0.6453125 0.06342592592592593 0.016666666666666666 0.032407407407407406
2 0.5497395833333333 0.7722222222222223 0.015104166666666667 0.02962962962962963
2 0.6588541666666666 0.3587962962962963 0.00625 0.01574074074074074
2 0.6890625 0.3365740740740741 0.008333333333333333 0.013888888888888888
3 0.25390625 0.42407407407407405 0.0390625 0.27037037037037037
2 0.16223958333333333 0.6694444444444444 0.0140625 0.03148148148148148
9 0.7869791666666667 0.27824074074074073 0.03229166666666667 0.017592592592592594
2 0.2869791666666667 0.42268518518518516 0.008333333333333333 0.025
2 0.24327604166666666 0.40077777777777773 0.007588541666666693 0.022194444444444468
2 0.6750624999999999 0.6252222222222222 0.005749999999999981 0.027666666666666766
2 0.43101562499999996 0.45431481481481484 0.009031249999999958 0.026333333333333382