3 0.5473958333333333 0.3768518518518518 0.057291666666666664 0.21851851851851853
8 0.09322916666666667 0.30277777777777776 0.04895833333333333 0.18333333333333332
3 0.6315104166666666 0.34814814814814815 0.0453125 0.2074074074074074
3 0.25338541666666664 0.6171296296296296 0.06302083333333333 0.2212962962962963
8 0.5640625 0.7592592592592593 0.04791666666666667 0.17962962962962964
3 0.39557291666666666 0.29212962962962963 0.0421875 0.1824074074074074
3 0.2947916666666667 0.41388888888888886 0.040625 0.20925925925925926
3 0.2421875 0.3143518518518518 0.042708333333333334 0.19722222222222222
8 0.8828125 0.4759259259259259 0.046875 0.2
3 0.5908854166666667 0.26435185185185184 0.0359375 0.19722222222222222
3 0.5276041666666667 0.6125 0.05520833333333333 0.24537037037037038
2 0.55546875 0.3300925925925926 0.0109375 0.019444444444444445
2 0.396875 0.26481481481481484 0.007291666666666667 0.016666666666666666
2 0.1234375 0.5703703703703704 0.009375 0.027777777777777776
2 0.5276041666666667 0.5648148148148148 0.0125 0.02962962962962963
9 0.74921875 0.20555555555555555 0.033854166666666664 0.018518518518518517
3 0.12760416666666666 0.6365740740740741 0.05 0.27870370370370373
2 0.59765625 0.22870370370370371 0.005729166666666666 0.018518518518518517
3 0.5058697916666667 0.6101203703703704 0.04636979166666665 0.17738888888888882
2 0.2851875 0.37071296296296297 0.00689062500000001 0.019833333333333297