3 0.6971354166666667 0.5921296296296297 0.08489583333333334 0.2712962962962963
3 0.21640625 0.6944444444444444 0.07552083333333333 0.2814814814814815
3 0.049479166666666664 0.7712962962962963 0.06666666666666667 0.31851851851851853
3 0.65546875 0.32592592592592595 0.058854166666666666 0.21666666666666667
8 0.27239583333333334 0.8875 0.052083333333333336 0.225
3 0.7533854166666667 0.5958333333333333 0.0796875 0.2564814814814815
7 0.3640625 0.3486111111111111 0.06770833333333333 0.2638888888888889
8 0.37838541666666664 0.3060185185185185 0.0421875 0.20092592592592592
3 0.15130208333333334 0.5268518518518519 0.043229166666666666 0.25555555555555554
5 0.31927083333333334 0.3060185185185185 0.040625 0.30648148148148147
2 0.70078125 0.5333333333333333 0.021354166666666667 0.02962962962962963
3 0.6166666666666667 0.2949074074074074 0.03854166666666667 0.2101851851851852
2 0.03567708333333333 0.7046296296296296 0.013020833333333334 0.03148148148148148
2 0.6158854166666666 0.2638888888888889 0.008854166666666666 0.020370370370370372
2 0.22369791666666666 0.6222222222222222 0.011979166666666667 0.027777777777777776
0 0.39166666666666666 0.04814814814814815 0.017708333333333333 0.03148148148148148
9 0.7505208333333333 0.24814814814814815 0.036458333333333336 0.020370370370370372
2 0.77421875 0.5476851851851852 0.0109375 0.032407407407407406
2 0.14010416666666667 0.4666666666666667 0.008333333333333333 0.02962962962962963
2 0.34921875 0.34675925925925927 0.0078125 0.025
3 0.7101041666666668 0.5500092592592593 0.08604687500000002 0.26538888888888884
2 0.7213020833333333 0.48562962962962963 0.011661458333333267 0.030009259259259284