3 0.38744791666666667 0.39388888888888884 0.03951562500000006 0.1701759259259259
3 0.351015625 0.43986111111111115 0.050984375000000054 0.20087962962962957
3 0.5387500000000001 0.5069722222222222 0.06487499999999997 0.21751851851851853
3 0.4031927083333333 0.6925555555555556 0.07353645833333336 0.17694444444444435
3 0.39731770833333335 0.6861666666666666 0.09391145833333331 0.28287962962962965
3 0.2970729166666667 0.6572592592592593 0.13728124999999997 0.2474722222222222
3 0.3026041666666667 0.8763888888888889 0.078125 0.24722222222222223
8 0.611546875 0.8869444444444444 0.04902604166666672 0.22611111111111115
8 0.6940677083333333 0.3305925925925926 0.05008333333333326 0.19535185185185186
3 0.8405104166666667 0.4451759259259259 0.053041666666666744 0.22164814814814815
3 0.8361770833333334 0.6801574074074075 0.055364583333333425 0.2242777777777778
3 0.7860937499999999 0.6820370370370371 0.04733333333333339 0.22352777777777785
2 0.8362812500000001 0.6444629629629629 0.028526041666666658 0.03719444444444451
2 0.40889583333333335 0.6194814814814814 0.009718750000000043 0.02930555555555564
2 0.28897395833333334 0.6093425925925926 0.010776041666666696 0.03005555555555559
8 0.015864583333333335 0.6981481481481482 0.03172916666666667 0.25929629629629625
9 0.28575 0.2897685185185185 0.03518749999999997 0.022305555555555585
0 0.3598385416666667 0.15106481481481482 0.01994791666666664 0.03205555555555556
2 0.8443802083333334 0.40782407407407406 0.007520833333333362 0.020240740740740754