8 0.3497395833333333 0.3731481481481482 0.0453125 0.1685185185185185
3 0.34713541666666664 0.6365740740740741 0.06927083333333334 0.19907407407407407
3 0.5669270833333333 0.3527777777777778 0.059895833333333336 0.17592592592592593
3 0.5713541666666667 0.41898148148148145 0.046875 0.21944444444444444
3 0.86171875 0.7462962962962963 0.05572916666666667 0.24814814814814815
3 0.19114583333333332 0.8375 0.053125 0.25833333333333336
3 0.7424479166666667 0.6597222222222222 0.0484375 0.2212962962962963
8 0.3484375 0.8203703703703704 0.052083333333333336 0.11851851851851852
3 0.20677604166666666 0.4222222222222222 0.05565104166666668 0.21296296296296297
3 0.7768333333333334 0.5643518518518519 0.08175000000000002 0.23425925925925925
8 0.9880208333333333 0.6662037037037037 0.023958333333333335 0.2175925925925926
2 0.7658854166666667 0.5175925925925926 0.013020833333333334 0.022222222222222223
2 0.18723958333333332 0.7865740740740741 0.015104166666666667 0.030555555555555555
2 0.8588541666666667 0.6962962962962963 0.011458333333333333 0.027777777777777776
2 0.2140625 0.37777777777777777 0.0125 0.018518518518518517
0 0.5411458333333333 0.01712962962962963 0.016666666666666666 0.028703703703703703
9 0.725 0.3037037037037037 0.03229166666666667 0.016666666666666666
2 0.74609375 0.6180555555555556 0.009895833333333333 0.019444444444444445
3 0.7346354166666667 0.5560185185185185 0.04843229166666655 0.18981481481481483
2 0.58125 0.3675925925925926 0.011458333333333333 0.022222222222222223
2 0.35130208333333335 0.6037037037037037 0.0078125 0.016666666666666666
3 0.23751562499999998 0.43457407407407406 0.03302604166666665 0.18777777777777785