8 0.7158854166666667 0.799537037037037 0.05364583333333333 0.16203703703703703
3 0.5075520833333333 0.5842592592592593 0.10260416666666666 0.24444444444444444
3 0.4393229166666667 0.5106481481481482 0.0796875 0.23425925925925925
3 0.5473958333333333 0.7837962962962963 0.059375 0.19166666666666668
3 0.6533854166666667 0.39490740740740743 0.04739583333333333 0.20092592592592592
3 0.28828125 0.4671296296296296 0.0546875 0.20277777777777778
3 0.69453125 0.36342592592592593 0.050520833333333334 0.15462962962962962
8 0.8552083333333333 0.3958333333333333 0.04583333333333333 0.18611111111111112
3 0.17942708333333332 0.7273148148148149 0.059895833333333336 0.2675925925925926
3 0.67734375 0.6782407407407407 0.050520833333333334 0.23796296296296296
3 0.17369791666666667 0.5148148148148148 0.0421875 0.2537037037037037
3 0.24921875 0.4287037037037037 0.04010416666666667 0.27037037037037037
2 0.16484375 0.6717592592592593 0.0171875 0.028703703703703703
8 0.13697916666666668 0.3699074074074074 0.03854166666666667 0.17685185185185184
0 0.68359375 0.10601851851851851 0.0203125 0.03425925925925926
2 0.546875 0.775 0.015625 0.02962962962962963
2 0.6611979166666667 0.3587962962962963 0.0067708333333333336 0.017592592592592594
9 0.78671875 0.27870370370370373 0.0328125 0.018518518518518517
2 0.6763020833333333 0.6347222222222222 0.0078125 0.028703703703703703
2 0.2859375 0.42314814814814816 0.007291666666666667 0.024074074074074074
2 0.23740624999999999 0.40312037037037035 0.007364583333333326 0.02242592592592595