0 0.36156770833333335 0.34915740740740736 0.017703125000000004 0.03087962962962965
9 0.26821354166666667 0.2253425925925926 0.03673958333333331 0.024342592592592586
8 0.227796875 0.33341666666666664 0.06947395833333332 0.19536111111111112
8 0.5641822916666667 0.8239537037037037 0.05880208333333338 0.11524074074074077
3 0.4689166666666667 0.612 0.061348958333333314 0.25763888888888886
3 0.33221354166666667 0.5338055555555555 0.08843749999999997 0.20496296296296304
4 0.37935416666666666 0.46051851851851855 0.05370833333333339 0.2625833333333333
3 0.23474479166666665 0.7733333333333334 0.09630729166666666 0.20825000000000007
3 0.43407291666666664 0.47433333333333333 0.06435937499999997 0.2144259259259259
3 0.369484375 0.4815277777777777 0.06482291666666669 0.20578703703703705
3 0.9658072916666666 0.654074074074074 0.0661927083333334 0.23612037037037037
3 0.8069375 0.4236481481481482 0.06106770833333333 0.2277685185185186
2 0.534203125 0.5346851851851853 0.009244791666666667 0.027657407407407308
2 0.32155208333333335 0.5066111111111111 0.011552083333333367 0.028481481481481472
2 0.25139062500000003 0.7486944444444444 0.017869791666666697 0.029574074074074124
3 0.5383645833333334 0.5846296296296296 0.09978124999999996 0.25558333333333333