3 0.20394791666666665 0.670212962962963 0.05514583333333333 0.21128703703703708
3 0.16900520833333335 0.6558425925925926 0.07083333333333333 0.2146666666666666
3 0.3101979166666667 0.5024444444444445 0.041359375000000045 0.2273518518518518
3 0.37580729166666665 0.4249074074074074 0.04658854166666669 0.20917592592592596
3 0.40765625 0.4373703703703704 0.0784427083333334 0.21720370370370368
3 0.5181874999999999 0.44814814814814813 0.0684583333333333 0.21509259259259256
3 0.6139843749999999 0.5001203703703704 0.0946041666666666 0.24129629629629637
3 0.7339010416666666 0.689861111111111 0.056333333333333256 0.2573518518518519
3 0.38056249999999997 0.37419444444444444 0.04991666666666662 0.21425000000000005
3 0.28453124999999996 0.3534907407407407 0.06703125000000003 0.18804629629629632
8 0.264203125 0.29475 0.03874479166666669 0.16015740740740744
9 0.35227604166666665 0.20960185185185184 0.03422916666666668 0.02366666666666667
0 0.28690625000000003 0.11430555555555556 0.01854166666666662 0.03423148148148148
8 0.4604635416666667 0.7245370370370371 0.057432291666666656 0.1596296296296297
2 0.7435572916666667 0.6436851851851851 0.012307291666666723 0.035009259259259205
2 0.20044791666666667 0.6522685185185185 0.011552083333333307 0.027944444444444504
2 0.301 0.4586944444444444 0.010416666666666666 0.02862037037037034
2 0.5070052083333334 0.4191388888888889 0.005942708333333376 0.018379629629629652