8 0.06354166666666666 0.6505740740740741 0.040322916666666674 0.21751851851851858
8 0.4379739583333333 0.8344814814814815 0.05394791666666663 0.2709074074074073
8 0.67225 0.3124351851851852 0.038651041666666684 0.1680833333333333
9 0.33105208333333336 0.26917592592592593 0.032536458333333344 0.024222222222222194
3 0.36358333333333337 0.44516666666666665 0.08092187500000006 0.18241666666666667
3 0.35996875 0.39771296296296293 0.05978645833333331 0.1804444444444445
3 0.46522395833333335 0.3878240740740741 0.0328125 0.19032407407407403
3 0.4744010416666667 0.28994444444444445 0.03893229166666667 0.18241666666666667
3 0.6507031249999999 0.5744444444444444 0.06784895833333332 0.22937962962962966
3 0.5720052083333333 0.7899907407407408 0.048385416666666715 0.24322222222222228
3 0.6444427083333333 0.8124814814814815 0.055338541666666664 0.27437037037037043
3 0.26236458333333335 0.6770277777777778 0.06201041666666664 0.21899999999999997
3 0.09357291666666666 0.7407962962962963 0.05644791666666667 0.24767592592592594
2 0.5852552083333333 0.7551574074074074 0.006463541666666591 0.030342592592592577
2 0.6517447916666667 0.5266481481481481 0.013619791666666714 0.031212962962962998
3 0.8668958333333333 0.43329629629629635 0.04594270833333335 0.23634259259259263
0 0.48076562500000003 0.1495462962962963 0.019729166666666725 0.033916666666666664
2 0.6393489583333333 0.756824074074074 0.016682291666666772 0.0319907407407407
2 0.860375 0.3880555555555556 0.006203124999999924 0.01781481481481482