4 0.76484375 0.6097222222222223 0.06302083333333333 0.20462962962962963
3 0.9044270833333333 0.449537037037037 0.058854166666666666 0.18981481481481483
3 0.4453125 0.6152777777777778 0.08125 0.2175925925925926
3 0.39869791666666665 0.7134259259259259 0.06614583333333333 0.20833333333333334
8 0.97578125 0.7171296296296297 0.0484375 0.20462962962962963
3 0.7005208333333334 0.3472222222222222 0.046875 0.15185185185185185
3 0.17734375 0.5398148148148149 0.0640625 0.2388888888888889
3 0.77578125 0.37962962962962965 0.05677083333333333 0.15925925925925927
3 0.13098958333333333 0.5546296296296296 0.04114583333333333 0.21851851851851853
3 0.2747395833333333 0.45092592592592595 0.0703125 0.19444444444444445
3 0.26458333333333334 0.5606481481481481 0.052083333333333336 0.24166666666666667
2 0.2557291666666667 0.5037037037037037 0.013541666666666667 0.020370370370370372
2 0.46119791666666665 0.5671296296296297 0.005729166666666666 0.021296296296296296
2 0.17447916666666666 0.49166666666666664 0.007291666666666667 0.020370370370370372
8 0.7484375 0.3060185185185185 0.051041666666666666 0.1398148148148148
2 0.14114583333333333 0.5162037037037037 0.008333333333333333 0.019444444444444445
0 0.7511354166666667 0.5680648148148149 0.0125729166666666 0.025166666666666726