0 0.35215625 0.21025925925925928 0.01509375000000001 0.028833333333333322
9 0.35175520833333335 0.21553703703703703 0.03548958333333339 0.022268518518518528
8 0.267046875 0.2987592592592593 0.04849479166666664 0.17271296296296293
8 0.473796875 0.7259722222222221 0.05379687499999998 0.20040740740740745
3 0.20642708333333332 0.6778703703703703 0.07338541666666666 0.17271296296296293
3 0.11802604166666668 0.6537499999999999 0.07226041666666667 0.22267592592592594
3 0.30671354166666664 0.5102962962962962 0.05138541666666671 0.2235277777777778
3 0.45146354166666663 0.4759351851851852 0.05388020833333336 0.25093518518518515
3 0.39805729166666665 0.3813518518518519 0.05560937499999999 0.21457407407407408
3 0.35111458333333334 0.36542592592592593 0.07370833333333332 0.18496296296296297
3 0.415328125 0.4306111111111111 0.04002083333333329 0.2048055555555555
3 0.44939062500000004 0.4316481481481482 0.06985416666666673 0.2032592592592593
3 0.44453645833333333 0.48407407407407405 0.057895833333333376 0.20002777777777775
3 0.7680677083333334 0.6802499999999999 0.07290625 0.25056481481481474
2 0.7668645833333334 0.6478981481481482 0.015895833333333324 0.03168518518518521
2 0.2992447916666666 0.46590740740740744 0.011401041666666719 0.022842592592592553
2 0.19928125 0.6775833333333333 0.013166666666666653 0.0294074074074074
2 0.12348958333333333 0.6227777777777778 0.013166666666666682 0.030546296296296304
2 0.401109375 0.35112037037037036 0.007375000000000043 0.019037037037036988