8 0.19515625 0.3660185185185185 0.03808333333333334 0.1628981481481481
3 0.215546875 0.7065925925925925 0.05065104166666667 0.20620370370370375
3 0.24029166666666668 0.6378611111111111 0.04678124999999997 0.21995370370370365
3 0.3433333333333334 0.5493611111111111 0.0688229166666666 0.19829629629629633
3 0.33646875 0.5105277777777778 0.05470833333333332 0.16049999999999998
3 0.3517395833333333 0.3103425925925926 0.03808333333333339 0.16014814814814818
3 0.3271875 0.3366296296296296 0.034989583333333366 0.17149074074074078
3 0.6489635416666667 0.5009074074074075 0.07307291666666677 0.1879907407407407
3 0.6914010416666667 0.5283981481481481 0.06669270833333343 0.18524074074074068
4 0.7368281250000001 0.43577777777777776 0.06011979166666658 0.159462962962963
8 0.8130937500000001 0.36377777777777776 0.037114583333333444 0.1474351851851852
3 0.633984375 0.44609259259259254 0.06823958333333333 0.14297222222222225
8 0.3355625 0.7397499999999999 0.04789062500000003 0.196824074074074
2 0.20828645833333334 0.6786574074074074 0.01477083333333334 0.03040740740740733
2 0.34442708333333333 0.5093333333333334 0.01399479166666661 0.0235000000000001
9 0.21971875000000002 0.27547222222222223 0.027677083333333328 0.020175925925925892
2 0.6366041666666666 0.41562037037037036 0.013682291666666657 0.025157407407407368
2 0.6830937499999999 0.4870833333333333 0.008395833333333276 0.023222222222222155
2 0.34656770833333334 0.2861111111111111 0.005270833333333277 0.012175925925925904
2 0.24517708333333335 0.6013703703703703 0.00852083333333334 0.016675925925925917