3 0.13697916666666668 0.7106481481481481 0.09375 0.24722222222222223
3 0.19895833333333332 0.4875 0.08020833333333334 0.23796296296296296
8 0.054427083333333334 0.3597222222222222 0.06822916666666666 0.175
3 0.4328125 0.4842592592592593 0.06145833333333333 0.22037037037037038
3 0.68046875 0.3592592592592593 0.0484375 0.18703703703703703
3 0.6450520833333333 0.6430555555555556 0.0796875 0.2101851851851852
8 0.71796875 0.7759259259259259 0.0484375 0.20185185185185187
3 0.3377604166666667 0.600462962962963 0.06510416666666667 0.2361111111111111
8 0.8848958333333333 0.3685185185185185 0.0375 0.17962962962962964
3 0.5765625 0.7587962962962963 0.06666666666666667 0.20462962962962963
7 0.38453645833333333 0.41747222222222224 0.08189583333333333 0.21765740740740736
3 0.7046875 0.29305555555555557 0.0375 0.17685185185185184
2 0.42890625 0.4324074074074074 0.016145833333333335 0.022222222222222223
2 0.69921875 0.2726851851851852 0.0078125 0.017592592592592594
2 0.3375 0.549074074074074 0.013541666666666667 0.027777777777777776
2 0.5713541666666667 0.7416666666666667 0.008333333333333333 0.027777777777777776
9 0.82890625 0.2574074074074074 0.03177083333333333 0.018518518518518517
5 0.3140625 0.3608796296296296 0.041666666666666664 0.26343518518518516
0 0.386796875 0.09112037037037037 0.015109374999999996 0.027870370370370365
2 0.387421875 0.38869444444444445 0.011515624999999948 0.023666666666666617