0 0.2826197916666667 0.12131481481481482 0.01845833333333336 0.033212962962962965
3 0.20559375 0.6708333333333333 0.05692187499999998 0.21019444444444443
3 0.16746354166666666 0.6575462962962962 0.05626041666666666 0.22738888888888883
8 0.4599739583333333 0.72475 0.05669791666666661 0.1570648148148149
2 0.2021875 0.6536388888888889 0.011427083333333362 0.028907407407407434
2 0.30014583333333333 0.45602777777777775 0.00852604166666661 0.026925925925925964
2 0.74365625 0.643324074074074 0.009531250000000095 0.03167592592592596
3 0.7317812499999999 0.6867129629629629 0.053177083333333285 0.25124074074074065
3 0.6203854166666667 0.5028425925925927 0.11116145833333325 0.23115740740740745
3 0.5250520833333333 0.44675000000000004 0.07455729166666665 0.205212962962963
3 0.409171875 0.43437037037037035 0.07096354166666667 0.21559259259259256
3 0.3758229166666667 0.37648148148148153 0.05277604166666663 0.21479629629629632
3 0.27936979166666664 0.3557222222222222 0.05659375000000001 0.19243518518518524
8 0.26611979166666666 0.2976388888888889 0.035484375 0.15929629629629627
9 0.35190625 0.2107962962962963 0.03368750000000003 0.019166666666666655
3 0.31411979166666665 0.5022592592592593 0.045692708333333346 0.2343703703703703
2 0.51159375 0.41964814814814816 0.00635416666666669 0.017481481481481476