8 0.3463541666666667 0.37453703703703706 0.04895833333333333 0.1712962962962963
3 0.5692708333333333 0.41759259259259257 0.053125 0.21851851851851853
3 0.7088541666666667 0.6680555555555555 0.08854166666666667 0.2101851851851852
3 0.3411458333333333 0.6333333333333333 0.07291666666666667 0.20555555555555555
3 0.18984375 0.8393518518518519 0.05572916666666667 0.2601851851851852
3 0.5580729166666667 0.3476851851851852 0.0453125 0.18425925925925926
3 0.8572916666666667 0.7574074074074074 0.04895833333333333 0.2462962962962963
8 0.34202083333333333 0.8194444444444444 0.041333333333333284 0.12037037037037036
3 0.23098958333333333 0.4388888888888889 0.0765625 0.20925925925925926
8 0.98359375 0.6643518518518519 0.0328125 0.22314814814814815
2 0.8536458333333333 0.7101851851851851 0.011458333333333333 0.027777777777777776
2 0.57890625 0.3662037037037037 0.013020833333333334 0.023148148148148147
2 0.18723958333333332 0.787962962962963 0.016145833333333335 0.03148148148148148
3 0.7809895833333333 0.5569444444444445 0.07135416666666666 0.2361111111111111
2 0.7799479166666666 0.5074074074074074 0.011979166666666667 0.024074074074074074
2 0.3390625 0.5967592592592592 0.007291666666666667 0.01574074074074074
9 0.725 0.30416666666666664 0.03125 0.017592592592592594
3 0.26237499999999997 0.43538888888888894 0.04608854166666667 0.2033055555555555
2 0.23515625 0.4009259259259259 0.0109375 0.018518518518518517
3 0.756296875 0.5582777777777779 0.028718749999999935 0.20417592592592593
0 0.44184375000000004 0.009731481481481482 0.016630208333333365 0.019453703703703706
2 0.5574583333333333 0.3201851851851852 0.006718750000000048 0.014499999999999971
2 0.7164270833333333 0.6397777777777778 0.009505208333333333 0.018620370370370277