3 0.2911354166666667 0.6620185185185186 0.12788541666666664 0.21719444444444438
3 0.34732291666666665 0.4378425925925926 0.03611458333333329 0.20302777777777775
3 0.37602083333333336 0.38610185185185186 0.03775000000000001 0.1541759259259259
3 0.5454270833333333 0.5053981481481482 0.06924479166666662 0.21550925925925926
3 0.4044739583333333 0.6807314814814815 0.06377604166666669 0.274898148148148
3 0.408328125 0.7031111111111111 0.09065624999999997 0.14468518518518517
8 0.592078125 0.8799166666666666 0.05854687499999992 0.24016666666666678
3 0.286609375 0.8738981481481481 0.06018749999999997 0.2522037037037038
3 0.771875 0.6840462962962963 0.0458593750000001 0.2231388888888889
3 0.8027135416666666 0.6820092592592593 0.04517187500000001 0.2276018518518518
3 0.8192031249999999 0.4469537037037037 0.046453125000000026 0.2158055555555556
8 0.6797135416666666 0.33925925925925926 0.050864583333333255 0.199712962962963
9 0.2813333333333333 0.2970648148148148 0.0363645833333333 0.025944444444444426
2 0.4143177083333333 0.6144259259259259 0.012625000000000004 0.029277777777777677
2 0.281578125 0.6274351851851852 0.012078125000000028 0.03187962962962969
2 0.8038229166666666 0.6436666666666666 0.025494791666666572 0.04024074074074077
8 0.0135625 0.695861111111111 0.027125 0.25709259259259265
0 0.3827916666666667 0.13324074074074074 0.016859374999999944 0.029907407407407417
2 0.8220729166666667 0.4072777777777778 0.007848958333333418 0.018685185185185138
2 0.5465885416666667 0.46266666666666667 0.013411458333333333 0.020629629629629605
2 0.3426822916666667 0.3913425925925926 0.010598958333333287 0.02540740740740746