3 0.19921875 0.41898148148148145 0.058854166666666666 0.21944444444444444
3 0.48151041666666666 0.3416666666666667 0.05260416666666667 0.2222222222222222
8 0.023958333333333335 0.3060185185185185 0.04791666666666667 0.20277777777777778
3 0.3963541666666667 0.26342592592592595 0.03958333333333333 0.20277777777777778
8 0.5802083333333333 0.8523148148148149 0.075 0.262037037037037
3 0.30364583333333334 0.49444444444444446 0.0625 0.22407407407407406
8 0.7236979166666667 0.35462962962962963 0.043229166666666666 0.21296296296296297
5 0.4432291666666667 0.6990740740740741 0.05520833333333333 0.37592592592592594
3 0.175 0.33287037037037037 0.040625 0.20462962962962963
3 0.6596354166666667 0.46574074074074073 0.0515625 0.26481481481481484
3 0.63203125 0.4111111111111111 0.0546875 0.2388888888888889
7 0.5020833333333333 0.612037037037037 0.078125 0.28888888888888886
3 0.31484375 0.39675925925925926 0.0390625 0.21944444444444444
0 0.4513020833333333 0.5277777777777778 0.019270833333333334 0.03333333333333333
2 0.4002604166666667 0.22685185185185186 0.0109375 0.018518518518518517
2 0.44244791666666666 0.6675925925925926 0.013020833333333334 0.03333333333333333
9 0.6427083333333333 0.2 0.035416666666666666 0.022222222222222223
2 0.47161458333333334 0.30462962962962964 0.0067708333333333336 0.020370370370370372
2 0.3059895833333333 0.44074074074074077 0.009895833333333333 0.027777777777777776
2 0.2 0.37453703703703706 0.008333333333333333 0.021296296296296296
2 0.17608854166666665 0.2969814814814815 0.00916145833333335 0.019194444444444462