3 0.5520833333333334 0.41944444444444445 0.08645833333333333 0.19814814814814816
3 0.6598958333333333 0.6620370370370371 0.06145833333333333 0.21666666666666667
3 0.3171875 0.624537037037037 0.06979166666666667 0.18611111111111112
3 0.1890625 0.8347222222222223 0.06770833333333333 0.262037037037037
3 0.84375 0.7606481481481482 0.071875 0.2212962962962963
3 0.7533854166666667 0.5273148148148148 0.06302083333333333 0.2064814814814815
3 0.56484375 0.33101851851851855 0.04739583333333333 0.20277777777777778
8 0.3203125 0.3773148148148148 0.034375 0.18055555555555555
5 0.25442708333333336 0.3638888888888889 0.03802083333333333 0.26851851851851855
3 0.7981770833333334 0.5365740740740741 0.0546875 0.23425925925925925
8 0.9817708333333334 0.6527777777777778 0.036458333333333336 0.22407407407407406
2 0.1828125 0.7828703703703703 0.016666666666666666 0.030555555555555555
2 0.8346354166666666 0.725925925925926 0.009895833333333333 0.027777777777777776
2 0.5544270833333333 0.37083333333333335 0.015104166666666667 0.023148148148148147
0 0.28359375 0.17731481481481481 0.018229166666666668 0.03425925925925926
2 0.5619791666666667 0.2967592592592593 0.007291666666666667 0.017592592592592594
8 0.32708333333333334 0.8162037037037037 0.034375 0.12685185185185185
9 0.7252604166666666 0.2972222222222222 0.030729166666666665 0.018518518518518517
2 0.8010416666666667 0.4828703703703704 0.0125 0.025
7 0.2799479166666667 0.39437962962962964 0.043229166666666666 0.29087037037037033
2 0.6621979166666667 0.6261203703703704 0.006062499999999933 0.02090740740740734
2 0.31446874999999996 0.5941851851851853 0.005817708333333371 0.01454629629629633