3 0.6827447916666666 0.8235833333333333 0.06329166666666666 0.2888333333333334
3 0.1630625 0.6069166666666667 0.09206770833333332 0.22915740740740742
3 0.46852083333333333 0.8181851851851851 0.10586979166666666 0.28875925925925916
3 0.6088489583333333 0.5611574074074074 0.06015104166666655 0.2989259259259259
3 0.40412499999999996 0.4439074074074074 0.05021875000000004 0.25179629629629624
8 0.4022864583333333 0.9178611111111111 0.04755208333333331 0.16415740740740736
3 0.036161458333333334 0.39940740740740743 0.059078125 0.2522407407407408
3 0.452171875 0.3220925925925926 0.04263020833333329 0.22782407407407407
8 0.6755677083333332 0.32208333333333333 0.04812500000000005 0.17242592592592595
3 0.6654114583333333 0.6774259259259259 0.05693229166666664 0.2687777777777777
0 0.6210729166666666 0.3149537037037037 0.01810416666666678 0.03396296296296292
2 0.608328125 0.4977592592592593 0.012848958333333372 0.03176851851851847
9 0.6359583333333333 0.2381851851851852 0.03853125000000001 0.02577777777777778
2 0.670359375 0.6298055555555556 0.012723958333333249 0.031314814814814754
2 0.036229166666666666 0.34767592592592594 0.01638541666666667 0.024185185185185188
2 0.6846302083333333 0.769888888888889 0.011385416666666733 0.03163888888888896
2 0.46637500000000004 0.7619907407407408 0.010572916666666644 0.03650925925925932
2 0.41013020833333336 0.4032777777777778 0.006791666666666648 0.02374999999999998
8 0.015171874999999998 0.33670370370370367 0.029864583333333337 0.21390740740740738
2 0.44869270833333336 0.2838981481481482 0.010072916666666624 0.02197222222222224