4 0.32259375 0.4922222222222222 0.05053645833333332 0.23529629629629636
7 0.3541458333333333 0.45751851851851855 0.06230208333333328 0.27807407407407403
0 0.31229687500000003 0.469 0.01658854166666662 0.030416666666666634
3 0.37888020833333336 0.34320370370370373 0.04545312499999999 0.18062962962962967
3 0.4252708333333333 0.26833333333333337 0.04732812499999994 0.20012037037037037
3 0.399203125 0.5761203703703704 0.055078125 0.16351851851851842
3 0.40347916666666667 0.7486666666666666 0.08609895833333331 0.31848148148148153
8 0.26323958333333336 0.8000092592592593 0.061229166666666696 0.2633425925925927
3 0.077671875 0.6890092592592593 0.076203125 0.27902777777777793
3 0.13008333333333333 0.6683333333333333 0.062302083333333334 0.2547870370370371
3 0.6762083333333333 0.40285185185185185 0.060427083333333326 0.22388888888888894
3 0.8221979166666666 0.3498518518518518 0.049734374999999886 0.22626851851851854
8 0.9842291666666667 0.3339259259259259 0.03154166666666664 0.20201851851851854
2 0.39228124999999997 0.6886574074074074 0.013005208333333348 0.03124074074074075
2 0.07689583333333333 0.6316666666666667 0.012374999999999995 0.032685185185185144
9 0.2688697916666667 0.21385185185185185 0.030760416666666637 0.022944444444444472
8 0.2168125 0.34018518518518515 0.04684375000000003 0.18761111111111112
2 0.82259375 0.31901851851851853 0.007588541666666752 0.017370370370370362
2 0.6748541666666666 0.3627962962962963 0.0047604166666666 0.015712962962962988
2 0.4237916666666666 0.24109259259259258 0.012187500000000047 0.014629629629629614