6 0.30334374999999997 0.41375925925925927 0.05534895833333332 0.34942592592592586
0 0.31649999999999995 0.23739814814814814 0.01799999999999997 0.03191666666666669
9 0.27700520833333336 0.20130555555555554 0.040640624999999986 0.029944444444444423
8 0.20521354166666667 0.32513888888888887 0.047859374999999996 0.21485185185185182
3 0.27459895833333337 0.4663148148148148 0.05721874999999998 0.20629629629629626
7 0.33395833333333336 0.428287037037037 0.06791666666666671 0.3393981481481482
3 0.4164479166666667 0.38907407407407407 0.06657812499999996 0.23625
3 0.4212604166666667 0.6036851851851852 0.07727083333333327 0.28711111111111104
3 0.4310208333333333 0.5537777777777778 0.1176458333333334 0.2652407407407408
3 0.563703125 0.3220925925925926 0.05443749999999999 0.24776851851851844
3 0.7737395833333333 0.7599166666666667 0.07247395833333338 0.36086111111111113
3 0.8101406250000001 0.3917592592592593 0.06722395833333342 0.2308611111111111
3 0.9465572916666667 0.39263888888888887 0.04885937499999997 0.26525925925925925
2 0.776 0.6787777777777778 0.015994791666666685 0.037111111111111046
2 0.41102083333333334 0.5481388888888888 0.012625000000000004 0.032027777777777704
2 0.44309895833333335 0.5061851851851852 0.01328125 0.03276851851851861
8 0.26342187499999997 0.8463981481481482 0.06461458333333331 0.29881481481481487
2 0.5601822916666667 0.28164814814814815 0.015177083333333266 0.019703703703703678
2 0.8083958333333333 0.35553703703703704 0.006057291666666724 0.01610185185185184
2 0.30555208333333334 0.37884259259259256 0.011890624999999962 0.02661111111111112