5 0.755859375 0.48724074074074075 0.06213541666666676 0.2851203703703704
3 0.6730677083333333 0.514425925925926 0.13077604166666673 0.22381481481481483
3 0.5426197916666666 0.5896111111111111 0.051401041666666696 0.22150000000000003
3 0.5533541666666667 0.7509629629629629 0.07221874999999998 0.2666111111111112
3 0.4799947916666667 0.6604537037037037 0.08555729166666666 0.15037037037037046
3 0.514640625 0.6384814814814814 0.05725520833333337 0.22208333333333324
3 0.3636979166666666 0.6624814814814814 0.07026562500000004 0.2076203703703704
8 0.4063125 0.8785185185185185 0.06701562500000004 0.24296296296296305
8 0.2667552083333333 0.3762037037037037 0.04424479166666669 0.17407407407407408
8 0.8723229166666666 0.38516666666666666 0.04261458333333342 0.19431481481481488
3 0.45088020833333337 0.3900833333333333 0.04814583333333336 0.1833333333333333
3 0.48650000000000004 0.30882407407407403 0.040015624999999964 0.19200925925925927
9 0.29912500000000003 0.2862777777777778 0.030906249999999958 0.02660185185185187
3 0.49014062500000005 0.8276296296296296 0.08416145833333329 0.25423148148148145
2 0.5559739583333333 0.6900185185185186 0.02097916666666677 0.032157407407407426
2 0.46228645833333337 0.6332129629629629 0.012057291666666714 0.02658333333333337
2 0.524625 0.5982685185185185 0.01711979166666661 0.032157407407407426
2 0.5491041666666666 0.5388981481481482 0.013020833333333334 0.03687037037037031
2 0.4934583333333334 0.2802222222222222 0.005859375 0.01513888888888891
0 0.6317760416666667 0.15962962962962962 0.017213541666666762 0.029962962962962976