9 0.3284114583333333 0.3025462962962963 0.03726041666666665 0.027685185185185163
8 0.28989583333333335 0.4004351851851852 0.0403229166666667 0.17797222222222225
6 0.39028125 0.46667592592592594 0.051999999999999956 0.3401203703703703
0 0.376609375 0.3202222222222222 0.02255208333333331 0.043703703703703745
7 0.36563541666666666 0.5075185185185185 0.05181250000000001 0.3258240740740741
3 0.4315104166666667 0.49398148148148147 0.08072916666666667 0.2064814814814815
3 0.471875 0.6032407407407407 0.075 0.23981481481481481
3 0.39088541666666665 0.7736111111111111 0.0734375 0.27685185185185185
8 0.4395833333333333 0.9157407407407407 0.0625 0.1685185185185185
3 0.7338541666666667 0.812962962962963 0.06979166666666667 0.2962962962962963
3 0.837234375 0.5506388888888889 0.06535937499999989 0.26220370370370377
3 0.9704114583333333 0.5997407407407408 0.05755208333333333 0.259638888888889
3 0.855453125 0.8778888888888889 0.0543697916666666 0.2442222222222222
3 0.6749947916666666 0.3894537037037037 0.050901041666666674 0.22570370370370368
2 0.3895572916666667 0.7200277777777778 0.014182291666666676 0.036759259259259304
2 0.4787708333333333 0.5636944444444444 0.011421875000000033 0.030814814814814788
2 0.7303177083333333 0.7494074074074074 0.024687500000000046 0.03762037037037047
2 0.6751510416666666 0.3527314814814815 0.007156249999999887 0.020231481481481503
2 0.8260625 0.5008518518518518 0.011015625000000048 0.02382407407407409