0 0.46675520833333334 0.1315 0.020229166666666624 0.03436111111111113
9 0.33742187500000004 0.28852777777777777 0.030348958333333325 0.022157407407407362
3 0.35576041666666663 0.4617777777777778 0.061593749999999996 0.1785462962962963
3 0.358375 0.4229259259259259 0.04841145833333336 0.1817592592592592
3 0.4737135416666666 0.40702777777777777 0.04497916666666661 0.18464814814814812
3 0.480578125 0.3172685185185185 0.03486458333333336 0.17340740740740737
3 0.6459479166666667 0.5765833333333333 0.059250000000000115 0.2206111111111111
3 0.66184375 0.8389444444444444 0.0635833333333333 0.268787037037037
3 0.5770364583333334 0.8111666666666666 0.05328645833333331 0.23891666666666664
8 0.44140625 0.8560185185185185 0.05572916666666667 0.287962962962963
3 0.268421875 0.6994166666666667 0.0585260416666667 0.2209351851851851
3 0.10251041666666666 0.7487037037037038 0.06520833333333334 0.22574999999999995
8 0.06629166666666667 0.6716388888888889 0.042989583333333345 0.2206111111111111
2 0.6437916666666667 0.5297777777777778 0.013937500000000113 0.02769444444444452
8 0.676453125 0.3349537037037037 0.04455208333333331 0.17337962962962963
3 0.8710208333333332 0.45318518518518525 0.0442291666666667 0.22781481481481483
2 0.8669635416666667 0.4115740740740741 0.0057604166666666385 0.02110185185185182