3 0.9046875 0.5273148148148148 0.09270833333333334 0.2324074074074074
3 0.4544270833333333 0.3775 0.04454166666666666 0.1870648148148148
3 0.24088541666666666 0.6074074074074074 0.06197916666666667 0.21851851851851853
3 0.5958333333333333 0.4912037037037037 0.07395833333333333 0.20462962962962963
3 0.5450520833333333 0.5486111111111112 0.0671875 0.24722222222222223
3 0.7 0.3111111111111111 0.03958333333333333 0.1814814814814815
8 0.74765625 0.7824074074074074 0.05364583333333333 0.19444444444444445
8 0.11848958333333333 0.5694444444444444 0.028645833333333332 0.21481481481481482
0 0.387203125 0.38860185185185186 0.015927083333333297 0.02740740740740743
2 0.39921875 0.49027777777777776 0.0140625 0.025
3 0.14128125 0.6778796296296297 0.04718229166666668 0.19916666666666658
8 0.6796875 0.28888888888888886 0.041666666666666664 0.16296296296296298
2 0.6989583333333333 0.274537037037037 0.007291666666666667 0.017592592592592594
2 0.45625 0.3490740740740741 0.008333333333333333 0.018518518518518517
9 0.3390625 0.22175925925925927 0.029166666666666667 0.019444444444444445
2 0.13541666666666666 0.6537037037037037 0.009375 0.03148148148148148
2 0.5984375 0.4583333333333333 0.013541666666666667 0.020370370370370372
5 0.39536458333333335 0.5135092592592593 0.05858333333333334 0.26626851851851846
3 0.38214583333333335 0.5170277777777778 0.0679010416666666 0.18612962962962962
3 0.732140625 0.7689444444444444 0.09635937500000011 0.10203703703703708