8 0.29561458333333335 0.41252777777777777 0.04585416666666665 0.17662037037037037
8 0.4419427083333333 0.916537037037037 0.05644791666666672 0.1669259259259259
3 0.889359375 0.5741666666666667 0.04810937499999994 0.278824074074074
3 0.8287447916666667 0.5482314814814815 0.07833333333333338 0.2541203703703704
3 0.6646145833333333 0.8167222222222221 0.08359895833333345 0.2828425925925927
3 0.74103125 0.8785185185185185 0.053031250000000085 0.24296296296296305
3 0.4931041666666667 0.6395370370370371 0.04989583333333331 0.22943518518518516
3 0.42165625 0.6346574074074074 0.05852083333333328 0.2141111111111111
3 0.4095052083333333 0.763537037037037 0.0666197916666667 0.2545092592592594
3 0.46384375 0.5861203703703703 0.06870833333333337 0.2619444444444445
3 0.4690729166666667 0.4616574074074074 0.06348437500000005 0.19135185185185183
3 0.6164166666666666 0.38432407407407404 0.04363020833333332 0.20946296296296293
9 0.33518229166666663 0.32278703703703704 0.03500520833333335 0.025083333333333364
0 0.3243385416666667 0.28005555555555556 0.01854687499999995 0.03250925925925927
2 0.41861458333333335 0.7109907407407408 0.015078125000000024 0.029944444444444367
2 0.42201041666666667 0.5996574074074074 0.020786458333333376 0.03429629629629626
2 0.4942083333333333 0.5880648148148149 0.009239583333333337 0.029462962962962903
2 0.6680416666666668 0.7581018518518519 0.022411458333333436 0.0338148148148148
2 0.6256614583333333 0.3496666666666667 0.006744791666666572 0.018703703703703747
2 0.4575885416666667 0.5262222222222223 0.015078125000000024 0.029675925925925883
2 0.468890625 0.43825925925925924 0.008687500000000034 0.020342592592592617
2 0.8264895833333333 0.4999259259259259 0.011729166666666657 0.022999999999999923