0 0.36306770833333335 0.2846296296296296 0.018515624999999977 0.028037037037037013
9 0.35963541666666665 0.29966666666666664 0.036338541666666654 0.02560185185185183
8 0.041484375000000004 0.7529259259259259 0.0473125 0.25436111111111115
3 0.24032812499999998 0.8268796296296296 0.09073958333333332 0.2949907407407408
3 0.3212395833333333 0.8134629629629629 0.1058229166666667 0.26980555555555547
3 0.4070625 0.5012037037037037 0.09188020833333338 0.1962592592592593
3 0.43243229166666663 0.46544444444444444 0.06033854166666662 0.2181944444444444
3 0.5556249999999999 0.36426851851851855 0.04799999999999998 0.21494444444444444
3 0.5911666666666666 0.5926296296296296 0.054625000000000055 0.2653333333333333
3 0.5743697916666667 0.4311111111111111 0.06902604166666677 0.18772222222222223
8 0.8120729166666667 0.37849074074074074 0.05073958333333337 0.19950925925925928
3 0.9412083333333333 0.9575277777777779 0.06033854166666662 0.08494444444444435
3 0.7336770833333334 0.9550833333333334 0.07862500000000001 0.08982407407407417
8 0.5484270833333333 0.9124259259259259 0.05965624999999998 0.17514814814814822
2 0.31163541666666666 0.7554074074074074 0.01633333333333328 0.03695370370370378
2 0.753765625 0.9356203703703704 0.011427083333333362 0.0360185185185186
2 0.21256770833333333 0.7610925925925927 0.009072916666666646 0.031759259259259216
2 0.558234375 0.3292777777777778 0.00845312500000001 0.01860185185185188
2 0.5689270833333333 0.4047777777777778 0.00877083333333341 0.01831481481481479
2 0.6016979166666666 0.534074074074074 0.012703124999999933 0.033777777777777795
2 0.4128072916666667 0.47086111111111106 0.008536458333333385 0.01521296296296297