3 0.33151041666666664 0.6305555555555555 0.09114583333333333 0.18518518518518517
3 0.5580729166666667 0.4203703703703704 0.0734375 0.20925925925925926
3 0.5565104166666667 0.33796296296296297 0.04114583333333333 0.20185185185185187
3 0.6776041666666667 0.663425925925926 0.06041666666666667 0.21944444444444444
3 0.1890625 0.8402777777777778 0.06354166666666666 0.262037037037037
3 0.2578125 0.4425925925925926 0.05416666666666667 0.21481481481481482
3 0.85234375 0.7592592592592593 0.0578125 0.22962962962962963
8 0.3333333333333333 0.8194444444444444 0.033546875000000045 0.12222222222222222
8 0.32708333333333334 0.3773148148148148 0.035416666666666666 0.1787037037037037
8 0.9822916666666667 0.6592592592592592 0.035416666666666666 0.2222222222222222
0 0.3458333333333333 0.0824074074074074 0.016666666666666666 0.02962962962962963
2 0.5684895833333333 0.3699074074074074 0.015104166666666667 0.023148148148148147
2 0.18463541666666666 0.788425925925926 0.016145833333333335 0.030555555555555555
2 0.84375 0.7231481481481481 0.010416666666666666 0.027777777777777776
2 0.5580729166666667 0.3060185185185185 0.0078125 0.017592592592592594
3 0.7924479166666667 0.5546296296296296 0.058854166666666666 0.24259259259259258
9 0.7252604166666666 0.30324074074074076 0.03177083333333333 0.017592592592592594
3 0.765625 0.5421296296296296 0.05 0.21203703703703702
2 0.7934895833333333 0.5 0.0078125 0.024074074074074074
2 0.3328125 0.6060185185185185 0.007291666666666667 0.017592592592592594
5 0.26319791666666664 0.38128703703703704 0.04147916666666666 0.25629629629629636
2 0.679609375 0.6253981481481481 0.007343749999999953 0.019583333333333418