3 0.928125 0.6180555555555556 0.05625 0.22685185185185186
3 0.6276041666666666 0.5939814814814814 0.05520833333333333 0.2212962962962963
0 0.365625 0.16527777777777777 0.016666666666666666 0.028703703703703703
3 0.34270833333333334 0.6717592592592593 0.07083333333333333 0.2564814814814815
3 0.4625 0.7541666666666667 0.052083333333333336 0.24722222222222223
3 0.5346354166666667 0.3449074074074074 0.04635416666666667 0.18796296296296297
3 0.41168750000000004 0.5234166666666666 0.07558854166666672 0.21237037037037043
8 0.06901041666666667 0.6578703703703703 0.043229166666666666 0.22870370370370371
8 0.7322916666666667 0.35694444444444445 0.04583333333333333 0.175
2 0.46015625 0.7055555555555556 0.016145833333333335 0.02962962962962963
3 0.33351562500000004 0.5170925925925927 0.04794270833333331 0.14357407407407402
2 0.33307291666666666 0.6097222222222223 0.019270833333333334 0.032407407407407406
2 0.9325520833333333 0.5800925925925926 0.011979166666666667 0.026851851851851852
3 0.38771354166666666 0.5221666666666667 0.07276562500000001 0.22795370370370374
2 0.5330729166666667 0.3189814814814815 0.0067708333333333336 0.017592592592592594
9 0.32838541666666665 0.29074074074074074 0.03177083333333333 0.020370370370370372
8 0.7479166666666667 0.8689814814814815 0.042708333333333334 0.20833333333333334
2 0.63359375 0.5481481481481482 0.0078125 0.024074074074074074
3 0.39166666666666666 0.3263888888888889 0.046875 0.14907407407407408
2 0.34401041666666665 0.5092592592592593 0.0109375 0.025925925925925925
2 0.40234375 0.41203703703703703 0.0109375 0.016666666666666666
3 0.40157291666666667 0.4374074074074074 0.053953124999999956 0.178175925925926
2 0.39715104166666665 0.30721296296296297 0.005473958333333329 0.018527777777777768
2 0.36797395833333335 0.4701574074074074 0.006187500000000057 0.02540740740740746
2 0.4056354166666667 0.47649074074074077 0.01582812500000005 0.022129629629629662