3 0.5752604166666667 0.4300925925925926 0.07239583333333334 0.19537037037037036
3 0.7634010416666667 0.5638703703703704 0.06534375000000002 0.23700000000000004
3 0.19817708333333334 0.8356481481481481 0.0640625 0.262037037037037
3 0.5489583333333333 0.39444444444444443 0.058333333333333334 0.18333333333333332
3 0.8473958333333333 0.7277777777777777 0.05520833333333333 0.2388888888888889
8 0.3580729166666667 0.3699074074074074 0.0421875 0.17685185185185184
3 0.375 0.6435185185185185 0.03958333333333333 0.22592592592592592
3 0.7666666666666667 0.6773148148148148 0.03958333333333333 0.22685185185185186
3 0.17734375 0.41388888888888886 0.0671875 0.21296296296296297
3 0.7329947916666666 0.5581018518518519 0.045156249999999905 0.22175
2 0.17864583333333334 0.37083333333333335 0.0125 0.017592592592592594
2 0.5802083333333333 0.38935185185185184 0.014583333333333334 0.023148148148148147
2 0.7481770833333333 0.5162037037037037 0.013020833333333334 0.021296296296296296
2 0.8528645833333334 0.6837962962962963 0.0109375 0.025
2 0.1875 0.7856481481481481 0.014583333333333334 0.030555555555555555
0 0.69296875 0.22314814814814815 0.0171875 0.03148148148148148
2 0.553125 0.3648148148148148 0.008333333333333333 0.014814814814814815
9 0.7252604166666666 0.30324074074074076 0.03177083333333333 0.017592592592592594
8 0.9888020833333333 0.7116944444444444 0.022395833333333334 0.15253703703703705
8 0.3221354166666667 0.8004629629629629 0.0359375 0.15833333333333333
3 0.17896875 0.40520370370370373 0.07840624999999998 0.1683796296296296
2 0.14596354166666667 0.36568518518518517 0.007651041666666695 0.017407407407407365