3 0.253625 0.5838055555555556 0.06493229166666664 0.23684259259259255
3 0.6886302083333333 0.822462962962963 0.05897395833333334 0.2757592592592593
3 0.5869322916666667 0.5742222222222222 0.07206250000000007 0.2936018518518518
3 0.50065625 0.35709259259259263 0.06436979166666662 0.20419444444444443
3 0.02197395833333333 0.7182314814814815 0.04394270833333334 0.2540740740740742
8 0.44917708333333334 0.9023888888888889 0.04198437499999995 0.19522222222222216
3 0.38911979166666666 0.4407777777777778 0.048635416666666605 0.22004629629629627
3 0.48338020833333334 0.8199166666666666 0.06504687500000005 0.29301851851851857
3 0.095703125 0.3929074074074073 0.05505208333333333 0.23262037037037034
3 0.6622812499999999 0.6720925925925926 0.04840104166666658 0.24508333333333338
8 0.655625 0.33939814814814817 0.04284375000000011 0.1595
8 0.071140625 0.34224074074074073 0.0493125 0.2152962962962963
2 0.5897135416666667 0.5046481481481482 0.011239583333333296 0.02761111111111105
2 0.6918124999999999 0.7661944444444444 0.010880208333333268 0.031018518518518518
2 0.46975 0.7597777777777778 0.01068749999999999 0.03192592592592594
2 0.6681354166666666 0.6311203703703704 0.01178645833333339 0.03250925925925917
2 0.09250520833333334 0.34648148148148145 0.014036458333333328 0.02163888888888889
2 0.49721875 0.3265092592592593 0.008005208333333276 0.020907407407407444
9 0.6262187499999999 0.2671851851851852 0.036364583333333415 0.022898148148148164
2 0.3950260416666667 0.4060185185185185 0.004796875000000019 0.0209537037037037
3 0.6117239583333334 0.25176851851851856 0.04129166666666677 0.21445370370370373
0 0.6210989583333333 0.2591851851851852 0.018874999999999885 0.026712962962962983