4 0.8229687499999999 0.5264907407407408 0.05311458333333334 0.21652777777777774
0 0.83659375 0.48842592592592593 0.013624999999999924 0.031638888888888904
8 0.8199114583333333 0.26621296296296293 0.043104166666666784 0.17450925925925928
8 0.20689062500000002 0.28574074074074074 0.046718750000000024 0.16610185185185183
8 0.435609375 0.7724351851851852 0.057005208333333356 0.221962962962963
9 0.2536041666666667 0.17376851851851852 0.031145833333333338 0.027185185185185198
3 0.13528645833333333 0.5786481481481482 0.06201041666666665 0.20219444444444434
3 0.2315 0.4688981481481482 0.05200000000000002 0.2140555555555555
3 0.4185052083333333 0.2763425925925926 0.039484374999999974 0.19675925925925927
3 0.416421875 0.1915648148148148 0.041989583333333275 0.18340740740740744
3 0.6322083333333333 0.44962037037037034 0.0453281250000001 0.1992222222222222
3 0.528765625 0.6073240740740741 0.08648437500000003 0.23185185185185195
3 0.657234375 0.6078148148148149 0.11095312500000011 0.1893425925925926
3 0.6686354166666667 0.5544259259259259 0.05811979166666674 0.19724999999999998
3 0.6854583333333333 0.5324259259259259 0.0606197916666666 0.21059259259259264
2 0.8189375 0.4879351851851852 0.012791666666666639 0.030648148148148115
2 0.5351614583333333 0.5514537037037037 0.019187500000000017 0.033120370370370356
2 0.6611302083333332 0.5722222222222222 0.011958333333333352 0.02521296296296298
2 0.41705729166666666 0.15940740740740741 0.006427083333333291 0.017703703703703708
2 0.14418229166666666 0.5556666666666666 0.01150000000000002 0.019870370370370403
2 0.23327604166666666 0.42212037037037037 0.009890625000000005 0.020166666666666642