8 0.71484375 0.8018518518518518 0.05572916666666667 0.1574074074074074
3 0.5583333333333333 0.5717592592592593 0.06770833333333333 0.2490740740740741
3 0.6611979166666667 0.40555555555555556 0.04635416666666667 0.2111111111111111
3 0.5375 0.7861111111111111 0.058333333333333334 0.18888888888888888
3 0.7138020833333333 0.37824074074074077 0.04635416666666667 0.16203703703703703
3 0.28984375 0.4625 0.050520833333333334 0.20092592592592592
8 0.8591145833333333 0.39537037037037037 0.049479166666666664 0.18888888888888888
3 0.678125 0.6768518518518518 0.05520833333333333 0.24259259259259258
3 0.178125 0.7152777777777778 0.059375 0.2675925925925926
3 0.4640625 0.5050925925925925 0.04791666666666667 0.23425925925925925
3 0.24088541666666666 0.4337962962962963 0.044270833333333336 0.2638888888888889
3 0.16979166666666667 0.5046296296296297 0.035416666666666666 0.24074074074074073
2 0.16770833333333332 0.6587962962962963 0.017708333333333333 0.030555555555555555
2 0.5385416666666667 0.7787037037037037 0.014583333333333334 0.027777777777777776
0 0.76640625 0.22083333333333333 0.018229166666666668 0.03611111111111111
2 0.6799479166666667 0.6314814814814815 0.009895833333333333 0.027777777777777776
2 0.6635416666666667 0.3662037037037037 0.007291666666666667 0.017592592592592594
9 0.7893229166666667 0.27870370370370373 0.0328125 0.018518518518518517
2 0.22708333333333333 0.40555555555555556 0.008333333333333333 0.024074074074074074
8 0.157390625 0.36588888888888893 0.04335416666666667 0.1648333333333333
2 0.5468802083333333 0.5212407407407408 0.0128177083333334 0.02618518518518516