6 0.30576041666666665 0.4499629629629629 0.046499999999999986 0.31644444444444436
7 0.3335989583333333 0.4709814814814815 0.07014062500000004 0.3417685185185185
3 0.2762604166666666 0.42512962962962964 0.06877083333333331 0.26397222222222216
3 0.41497395833333334 0.6048796296296296 0.07345833333333332 0.27612962962962967
3 0.45648958333333334 0.551212962962963 0.07600000000000004 0.25772222222222213
3 0.41380208333333335 0.3879722222222222 0.05782812499999999 0.2271574074074074
3 0.5587656249999999 0.32319444444444445 0.05626562500000005 0.24070370370370364
8 0.27146875000000004 0.8424537037037038 0.06310416666666668 0.29001851851851856
3 0.7612708333333333 0.7621944444444444 0.07591666666666655 0.3577500000000001
3 0.8166458333333334 0.38387037037037036 0.06707812499999997 0.2167777777777778
3 0.9385833333333333 0.3857222222222222 0.053041666666666744 0.2500555555555556
2 0.7606197916666667 0.6880462962962963 0.016890624999999916 0.032379629629629654
2 0.40983854166666667 0.5476203703703704 0.012296874999999948 0.0312314814814815
2 0.448640625 0.5034722222222222 0.016447916666666628 0.03264814814814814
0 0.3149479166666667 0.2929074074074074 0.015713541666666705 0.027935185185185146
8 0.20886979166666667 0.3427962962962963 0.04663020833333332 0.23477777777777775
9 0.27839583333333334 0.20025 0.03860416666666664 0.02387962962962965
2 0.8122864583333332 0.352962962962963 0.005765625000000085 0.014611111111111085
2 0.5591822916666668 0.28248148148148144 0.014510416666666732 0.020388888888888873
2 0.30295833333333333 0.4070925925925926 0.012374999999999995 0.030499999999999944