8 0.7096354166666666 0.3574722222222222 0.05927604166666664 0.15000925925925926
8 0.03436979166666666 0.7903148148148148 0.061333333333333344 0.19025925925925927
3 0.7635572916666666 0.4529629629629629 0.06668229166666677 0.1902592592592592
3 0.608375 0.47858333333333336 0.044453124999999954 0.18440740740740744
3 0.4217083333333333 0.49833333333333335 0.048984374999999976 0.2239259259259259
3 0.341234375 0.44382407407407404 0.04363020833333332 0.17928703703703702
3 0.27558333333333335 0.4661388888888888 0.05639062499999999 0.20343518518518516
3 0.16567708333333334 0.4826018518518519 0.05968750000000001 0.18660185185185182
3 0.19469791666666666 0.3951574074074074 0.041984375000000004 0.17855555555555552
3 0.23400520833333335 0.3311296296296296 0.04733854166666666 0.1573333333333333
3 0.2535572916666667 0.6772592592592593 0.07903125000000004 0.20416666666666666
4 0.5307864583333334 0.6955462962962964 0.0654479166666667 0.21733333333333335
0 0.4857135416666667 0.7161296296296296 0.016463541666666616 0.03091666666666676
2 0.19309375 0.35688888888888887 0.007880208333333331 0.021148148148148176