3 0.8729166666666667 0.6398148148148148 0.06875 0.22592592592592592
3 0.6885416666666667 0.6111111111111112 0.058333333333333334 0.22777777777777777
3 0.5708333333333333 0.3592592592592593 0.07395833333333333 0.18888888888888888
3 0.3697916666666667 0.44074074074074077 0.053125 0.21481481481481482
8 0.8213541666666667 0.8712962962962963 0.03958333333333333 0.2
3 0.32864583333333336 0.7092592592592593 0.04375 0.23333333333333334
8 0.053385416666666664 0.6685185185185185 0.0609375 0.22962962962962963
8 0.7286458333333333 0.3458333333333333 0.03333333333333333 0.1787037037037037
0 0.5427083333333333 0.1375 0.015625 0.030555555555555555
3 0.396875 0.7643518518518518 0.036458333333333336 0.23055555555555557
3 0.41906770833333334 0.539962962962963 0.04619270833333336 0.20690740740740743
3 0.4393229166666667 0.4908611111111111 0.04509374999999996 0.19423148148148148
2 0.8723958333333334 0.600925925925926 0.0125 0.027777777777777776
2 0.4231770833333333 0.4981481481481482 0.008854166666666666 0.024074074074074074
2 0.3645833333333333 0.3875 0.010416666666666666 0.025
9 0.32864583333333336 0.27870370370370373 0.03125 0.020370370370370372
2 0.3885416666666667 0.7277777777777777 0.0125 0.03148148148148148
2 0.690625 0.5675925925925925 0.010416666666666666 0.025925925925925925
2 0.54765625 0.24074074074074073 0.0067708333333333336 0.016666666666666666
5 0.55 0.26990740740740743 0.03333333333333333 0.23796296296296296
3 0.41631250000000003 0.518324074074074 0.08550000000000005 0.23155555555555554
2 0.407875 0.4670092592592593 0.008979166666666672 0.023342592592592627