3 0.58671875 0.4810185185185185 0.058854166666666666 0.2175925925925926
3 0.9122395833333333 0.5365740740740741 0.05260416666666667 0.2490740740740741
3 0.2470260416666667 0.6182685185185185 0.05795833333333335 0.24346296296296302
8 0.7455729166666667 0.8171296296296297 0.06197916666666667 0.22870370370370371
3 0.188078125 0.7099814814814814 0.048505208333333334 0.23338888888888884
8 0.6973958333333333 0.28703703703703703 0.0375 0.17777777777777778
3 0.4224947916666667 0.3936851851851852 0.04461979166666671 0.18418518518518515
3 0.7684895833333333 0.33611111111111114 0.05572916666666667 0.19444444444444445
3 0.4258645833333333 0.5262685185185185 0.12123958333333332 0.18970370370370365
3 0.390765625 0.5841759259259259 0.05723437500000005 0.2798240740740741
2 0.39348958333333334 0.5615740740740741 0.016145833333333335 0.026851851851851852
8 0.121875 0.5856481481481481 0.03125 0.22314814814814815
3 0.48109375000000004 0.4920185185185185 0.05127604166666669 0.20965740740740746
2 0.42421875 0.3699074074074074 0.008854166666666666 0.019444444444444445
0 0.38161458333333337 0.22307407407407406 0.014999999999999977 0.02809259259259257
9 0.3513072916666667 0.22592592592592592 0.030729166666666665 0.018518518518518517
2 0.4901041666666667 0.4527777777777778 0.0125 0.027777777777777776
2 0.7671875 0.30092592592592593 0.007291666666666667 0.016666666666666666
2 0.17682291666666666 0.6689814814814815 0.008854166666666666 0.030555555555555555
3 0.7581770833333333 0.7751666666666667 0.12158333333333336 0.11407407407407412