0 0.4307135416666667 0.1126388888888889 0.015416666666666618 0.028740740740740747
9 0.269984375 0.29966666666666664 0.034505208333333336 0.024222222222222194
3 0.3422864583333334 0.43755555555555553 0.05050000000000002 0.19236111111111107
3 0.36085937500000004 0.3731203703703704 0.04043750000000005 0.17425000000000004
3 0.5715364583333333 0.4971574074074074 0.0921614583333333 0.18635185185185185
3 0.4125729166666667 0.680212962962963 0.05162500000000006 0.2801666666666666
3 0.41916666666666663 0.6883518518518518 0.09995833333333337 0.168675925925926
3 0.286140625 0.6843055555555555 0.10900520833333331 0.23402777777777778
3 0.24196354166666667 0.8683333333333333 0.070765625 0.2566851851851851
8 0.5509583333333333 0.8828888888888888 0.06636979166666664 0.23422222222222225
3 0.7317135416666667 0.6856759259259259 0.054276041666666684 0.24770370370370368
3 0.7477291666666667 0.6743981481481481 0.044473958333333265 0.24244444444444438
3 0.787921875 0.4221666666666667 0.04385937500000002 0.2048055555555555
8 0.6541302083333334 0.3394537037037037 0.046406249999999954 0.17762962962962967
2 0.4141927083333333 0.6151018518518518 0.012229166666666676 0.030972222222222266
2 0.26483854166666665 0.6329259259259259 0.012859375000000029 0.030972222222222266
8 0.011979166666666667 0.6888888888888889 0.023958333333333335 0.2574074074074074
2 0.33109895833333336 0.391287037037037 0.010682291666666661 0.027240740740740704
2 0.35742708333333334 0.35224074074074074 0.006869791666666695 0.017685185185185207
2 0.7897656249999999 0.39144444444444443 0.007218750000000066 0.019546296296296308