3 0.15052083333333333 0.4962962962962963 0.084375 0.2518518518518518
8 0.75390625 0.2833333333333333 0.044270833333333336 0.2111111111111111
3 0.6372395833333333 0.7532407407407408 0.06614583333333333 0.25462962962962965
8 0.8828125 0.8944444444444445 0.075 0.2111111111111111
3 0.2920833333333333 0.4404722222222222 0.07686979166666666 0.16164814814814818
3 0.4427083333333333 0.5236111111111111 0.06666666666666667 0.2824074074074074
3 0.35446875 0.519537037037037 0.05268750000000004 0.2627777777777777
3 0.3932291666666667 0.775 0.09791666666666667 0.2074074074074074
8 0.0640625 0.6412037037037037 0.035416666666666666 0.27314814814814814
2 0.43984375 0.46944444444444444 0.021354166666666667 0.02962962962962963
2 0.6346354166666667 0.7189814814814814 0.011979166666666667 0.032407407407407406
2 0.13541666666666666 0.44675925925925924 0.009375 0.028703703703703703
0 0.334375 0.3611111111111111 0.017708333333333333 0.03148148148148148
9 0.3411458333333333 0.20879629629629629 0.03854166666666667 0.023148148148148147
2 0.39453125 0.7476851851851852 0.016145833333333335 0.03611111111111111
2 0.3640625 0.46111111111111114 0.007291666666666667 0.02962962962962963
2 0.45703125 0.4046296296296296 0.0109375 0.02962962962962963
4 0.34450000000000003 0.4548611111111111 0.03786979166666669 0.2912407407407407
3 0.44965625000000004 0.46216666666666667 0.05258854166666668 0.2605555555555555