0 0.32230729166666666 0.29035185185185186 0.01757291666666667 0.028351851851851857
9 0.33722395833333335 0.3243888888888889 0.03699479166666665 0.02160185185185189
8 0.2980052083333333 0.42150000000000004 0.042744791666666636 0.15795370370370368
3 0.47143229166666667 0.4618333333333333 0.06422916666666663 0.17752777777777778
3 0.4240364583333333 0.6499722222222223 0.05769270833333332 0.23070370370370377
3 0.49610937499999996 0.6435740740740741 0.05279166666666661 0.22024074074074085
3 0.4657916666666667 0.595925925925926 0.044453124999999954 0.2562685185185185
3 0.41913020833333337 0.760962962962963 0.07142187500000005 0.2492962962962963
3 0.6638802083333334 0.8157314814814814 0.08760416666666657 0.27748148148148144
3 0.7301510416666667 0.8849814814814815 0.05311458333333334 0.2300370370370371
3 0.8280520833333332 0.5500185185185185 0.07926562500000003 0.25045370370370373
3 0.8822291666666667 0.5760185185185185 0.052302083333333374 0.2803796296296296
3 0.6116614583333334 0.38628703703703704 0.05311458333333334 0.2054166666666667
8 0.4427447916666667 0.9155 0.059453125000000044 0.16899999999999998
2 0.421609375 0.7117129629629629 0.01633854166666661 0.03166666666666671
2 0.43295833333333333 0.6085370370370371 0.020874999999999963 0.03187037037037044
2 0.49615625 0.5944259259259259 0.010666666666666677 0.027833333333333283
2 0.660671875 0.7560833333333333 0.022885416666666696 0.03397222222222227
2 0.6199427083333333 0.3527962962962963 0.006406250000000095 0.018435185185185155
2 0.4688541666666667 0.5376018518518518 0.013276041666666672 0.032379629629629654
2 0.47143229166666667 0.43796296296296294 0.007947916666666662 0.019083333333333345
2 0.8242499999999999 0.5002037037037037 0.012442708333333267 0.02187962962962973