9 0.29435416666666664 0.27847222222222223 0.02798958333333334 0.018398148148148153
0 0.36658333333333337 0.40944444444444444 0.014072916666666657 0.024203703703703693
8 0.26071875 0.37004629629629626 0.043510416666666676 0.13965740740740745
3 0.35139062499999996 0.6317962962962963 0.047979166666666725 0.20321296296296298
3 0.36632291666666666 0.7191851851851853 0.05856250000000003 0.22244444444444444
8 0.36503125000000003 0.7630925925925925 0.048453124999999986 0.21324999999999994
3 0.5905885416666667 0.5097037037037038 0.054093750000000065 0.22495370370370374
3 0.45687500000000003 0.47290740740740744 0.04163020833333337 0.1981944444444444
3 0.45687500000000003 0.48419444444444437 0.055270833333333276 0.18230555555555558
3 0.4003125 0.44112962962962965 0.0658541666666667 0.1613981481481482
3 0.419125 0.3541574074074074 0.04139583333333334 0.1580555555555556
3 0.47274999999999995 0.3307407407407407 0.03951562500000006 0.16474074074074072
3 0.7709843749999999 0.5197407407407408 0.054567708333333326 0.20823148148148152
8 0.8068541666666668 0.37925 0.03175000000000002 0.16307407407407407
2 0.5835989583333333 0.46416666666666667 0.013473958333333277 0.023259259259259264
2 0.7685572916666668 0.47812037037037036 0.014781250000000056 0.028833333333333374
2 0.463390625 0.4520462962962963 0.008822916666666696 0.022249999999999975
2 0.4745052083333333 0.3012222222222222 0.005333333333333338 0.013824074074074029
2 0.4184010416666667 0.3277685185185185 0.003125 0.011074074074074108
4 0.36701562499999996 0.4368796296296296 0.047041666666666634 0.14801851851851852
2 0.3411822916666667 0.5942314814814814 0.008197916666666671 0.027546296296296298