9 0.3349739583333333 0.3168796296296296 0.03789583333333333 0.029694444444444492
0 0.354328125 0.2823425925925926 0.0187864583333333 0.03140740740740737
8 0.295234375 0.41255555555555556 0.04290104166666673 0.1735555555555555
8 0.440453125 0.9186666666666666 0.05805208333333335 0.16266666666666674
3 0.407515625 0.7682222222222221 0.06991666666666667 0.2602592592592592
3 0.3882083333333333 0.6100462962962964 0.06461458333333331 0.24724999999999997
3 0.40802083333333333 0.5728055555555556 0.06133333333333333 0.24096296296296296
3 0.46784375 0.4884444444444444 0.06032812499999996 0.190712962962963
3 0.4872760416666667 0.6324814814814815 0.04921875 0.24455555555555566
3 0.6444010416666667 0.39039814814814816 0.05199479166666663 0.21359259259259264
3 0.8289114583333334 0.5530555555555555 0.06259895833333336 0.2553240740740741
3 0.6871875000000001 0.8056944444444444 0.08354687499999992 0.29212037037037036
3 0.7783072916666666 0.8837685185185186 0.057802083333333344 0.2275092592592593
3 0.9175104166666667 0.5903055555555555 0.08228645833333322 0.2634074074074074
2 0.49143229166666663 0.5834074074074075 0.006239583333333343 0.028925925925925935
2 0.4050989583333333 0.7210740740740741 0.01399479166666661 0.032074074074074164
2 0.395953125 0.5912777777777778 0.019979166666666614 0.029675925925925883
2 0.4248333333333333 0.5302777777777778 0.015718750000000035 0.027009259259259327
2 0.6999218749999999 0.7473148148148149 0.02197916666666657 0.035407407407407415
2 0.6456354166666666 0.35664814814814816 0.006203124999999924 0.018379629629629652
2 0.4638802083333333 0.46289814814814817 0.0078125 0.020027777777777773
2 0.8303541666666666 0.5000370370370371 0.010354166666666723 0.022342592592592695