0 0.28569791666666666 0.23585185185185187 0.012588541666666704 0.02282407407407408
9 0.27813020833333335 0.25525925925925924 0.029625000000000026 0.01996296296296291
8 0.24508333333333335 0.3428888888888889 0.041390625000000014 0.14883333333333335
6 0.27272916666666663 0.39235185185185184 0.03938020833333331 0.23653703703703707
3 0.2832864583333333 0.46726851851851847 0.05345833333333336 0.20764814814814814
3 0.37486458333333333 0.5003425925925926 0.09551562499999994 0.16534259259259254
3 0.3941354166666667 0.4948333333333333 0.04624999999999998 0.18887962962962965
3 0.3945520833333333 0.34885185185185186 0.048765625000000055 0.17457407407407405
3 0.5080885416666666 0.31936111111111115 0.07306250000000004 0.1620648148148148
3 0.58659375 0.4888703703703704 0.08361979166666676 0.2091296296296297
3 0.38257291666666665 0.6589814814814815 0.06870312500000005 0.22045370370370362
3 0.34067708333333335 0.6402129629629629 0.0646822916666667 0.2293888888888889
8 0.32492708333333337 0.7742685185185185 0.06669270833333331 0.23177777777777772
8 0.8215364583333333 0.3673240740740741 0.0360260416666667 0.17337962962962963
3 0.8649375 0.48663888888888895 0.07926041666666658 0.21181481481481482
2 0.3833072916666667 0.6072407407407407 0.015104166666666667 0.026657407407407373
2 0.33589583333333334 0.5934259259259259 0.008932291666666713 0.028814814814814713
2 0.36759375 0.4713148148148148 0.011906249999999948 0.022148148148148163
2 0.405140625 0.46229629629629626 0.008932291666666713 0.026074074074074097
2 0.39988541666666666 0.31612962962962965 0.003390624999999995 0.012518518518518502
2 0.5145000000000001 0.2993148148148148 0.005281250000000052 0.013759259259259271
2 0.26444791666666667 0.3629537037037037 0.00653645833333331 0.016037037037037082
2 0.5873229166666667 0.4474537037037037 0.009911458333333437 0.024212962962962943
2 0.29377604166666665 0.4272037037037037 0.011781249999999943 0.026046296296296293