6 0.21725 0.3926574074074074 0.05681770833333335 0.2901574074074074
3 0.127703125 0.4869814814814815 0.07269270833333334 0.21340740740740743
8 0.14413541666666668 0.3567592592592593 0.03982812500000001 0.16884259259259263
8 0.2556822916666667 0.7558518518518519 0.04902083333333333 0.21241666666666675
3 0.28158854166666664 0.5330277777777778 0.059604166666666694 0.20251851851851854
3 0.30609895833333334 0.4268240740740741 0.05514583333333339 0.2238055555555556
3 0.3735 0.28990740740740745 0.04400520833333334 0.16389814814814813
3 0.5243177083333334 0.5538240740740741 0.040385416666666646 0.24212962962962964
3 0.6295989583333333 0.5973981481481482 0.05821354166666666 0.22628703703703693
3 0.622359375 0.4698981481481482 0.054312500000000104 0.22875925925925922
3 0.60328125 0.37012962962962964 0.04233333333333344 0.1817222222222222
8 0.7336302083333333 0.33596296296296296 0.03565104166666657 0.1668703703703704
3 0.8858437499999999 0.5208981481481482 0.039828124999999895 0.24162962962962967
2 0.20602083333333335 0.3715925925925926 0.008572916666666685 0.019055555555555593
2 0.2861458333333333 0.49936111111111103 0.008468749999999995 0.02877777777777771
2 0.6317552083333333 0.5512407407407408 0.008083333333333324 0.022324074074073982
0 0.20782291666666666 0.26362037037037034 0.016927083333333332 0.029888888888888864
9 0.19371875 0.24530555555555555 0.02865624999999999 0.017249999999999995
2 0.3721875 0.2680740740740741 0.006083333333333367 0.009981481481481456
2 0.6010729166666666 0.3405833333333333 0.007854166666666629 0.017675925925925956
2 0.13574999999999998 0.44932407407407404 0.0075416666666666765 0.016546296296296302