3 0.30546875 0.5898148148148148 0.06822916666666666 0.2037037037037037
3 0.7544270833333333 0.5092592592592593 0.06302083333333333 0.20185185185185187
3 0.5622395833333333 0.3162037037037037 0.050520833333333334 0.19722222222222222
3 0.19114583333333332 0.8143518518518519 0.06666666666666667 0.25833333333333336
3 0.8005208333333333 0.5041666666666667 0.04375 0.21388888888888888
3 0.8143229166666667 0.7569444444444444 0.05677083333333333 0.23425925925925925
3 0.6403645833333333 0.6486111111111111 0.0421875 0.20833333333333334
8 0.3171875 0.8106481481481481 0.05416666666666667 0.1398148148148148
8 0.98046875 0.6310185185185185 0.033854166666666664 0.21944444444444444
2 0.8106770833333333 0.7175925925925926 0.009895833333333333 0.027777777777777776
8 0.30052083333333335 0.3699074074074074 0.05416666666666667 0.16944444444444445
2 0.32109375 0.4111111111111111 0.015104166666666667 0.024074074074074074
3 0.5208333333333334 0.4041666666666667 0.041666666666666664 0.19537037037037036
2 0.18489583333333334 0.7652777777777777 0.015625 0.030555555555555555
4 0.25726041666666666 0.4236111111111111 0.056187499999999994 0.18611111111111112
0 0.27760416666666665 0.3851851851851852 0.014583333333333334 0.02962962962962963
9 0.7229166666666667 0.28194444444444444 0.03229166666666667 0.017592592592592594
2 0.7515625 0.47453703703703703 0.008333333333333333 0.025
2 0.80625 0.45555555555555555 0.011458333333333333 0.024074074074074074
2 0.31223958333333335 0.5453703703703704 0.0078125 0.024074074074074074
2 0.5572916666666666 0.2824074074074074 0.00625 0.018518518518518517
3 0.3341145833333333 0.43703703703703706 0.08802083333333334 0.25925925925925924
7 0.334375 0.43703703703703706 0.08958333333333333 0.25925925925925924