3 0.9096354166666667 0.6296296296296297 0.05260416666666667 0.22777777777777777
3 0.6440104166666667 0.600925925925926 0.0421875 0.22592592592592592
3 0.44817708333333334 0.7569444444444444 0.044270833333333336 0.24537037037037038
3 0.4317708333333333 0.3425925925925926 0.046875 0.1574074074074074
3 0.3391041666666667 0.6844722222222223 0.04692187499999996 0.24459259259259267
8 0.7322916666666667 0.3578703703703704 0.04375 0.175
2 0.44140625 0.7162037037037037 0.015104166666666667 0.028703703703703703
3 0.36612500000000003 0.5551666666666667 0.05160937499999996 0.20992592592592596
3 0.5356770833333333 0.3425925925925926 0.0421875 0.20925925925925926
3 0.3966145833333333 0.4014074074074074 0.0515625 0.10466666666666663
3 0.4163854166666667 0.5265462962962962 0.07228645833333332 0.19412962962962965
8 0.07083333333333333 0.6615740740740741 0.05 0.22314814814814815
2 0.9145833333333333 0.5912037037037037 0.011458333333333333 0.026851851851851852
8 0.7692708333333333 0.8555555555555555 0.040625 0.17777777777777778
2 0.36380208333333336 0.5138888888888888 0.0109375 0.025925925925925925
9 0.32838541666666665 0.2912037037037037 0.03177083333333333 0.019444444444444445
2 0.39817708333333335 0.4152777777777778 0.011979166666666667 0.017592592592592594
3 0.40153125 0.5265 0.061197916666666664 0.22028703703703706
2 0.33098958333333334 0.6231481481481481 0.0140625 0.02962962962962963
0 0.42083333333333334 0.052314814814814814 0.015625 0.028703703703703703
2 0.65390625 0.5541666666666667 0.0078125 0.025
2 0.5356770833333333 0.3138888888888889 0.0067708333333333336 0.016666666666666666
2 0.41302083333333334 0.49537037037037035 0.016666666666666666 0.018518518518518517
2 0.37578125 0.4773148148148148 0.005729166666666666 0.017592592592592594