9 0.27655729166666665 0.2345648148148148 0.035395833333333356 0.031462962962962956
3 0.20365624999999998 0.3949259259259259 0.044906250000000016 0.19252777777777783
8 0.24023958333333334 0.33012037037037034 0.03777083333333332 0.15308333333333338
0 0.2670260416666667 0.30150925925925925 0.016578124999999992 0.029842592592592608
3 0.29636979166666666 0.4249814814814815 0.053885416666666686 0.21695370370370365
3 0.3937083333333333 0.34632407407407406 0.04833854166666664 0.20614814814814814
3 0.46027083333333335 0.44305555555555554 0.0626041666666667 0.2211759259259259
3 0.37706770833333336 0.5604537037037036 0.06841145833333329 0.20990740740740746
3 0.39714062499999997 0.5311111111111111 0.05309375000000003 0.19816666666666666
3 0.3572552083333333 0.5334537037037037 0.04464062500000002 0.22915740740740742
3 0.272203125 0.6428703703703703 0.06788541666666666 0.11739814814814811
8 0.31803125 0.7612037037037037 0.06973437500000006 0.22634259259259262
3 0.6128177083333333 0.3312962962962963 0.04543229166666667 0.19675925925925927
8 0.8722083333333334 0.3561851851851852 0.05705729166666676 0.17139814814814816
3 0.9629375 0.4547962962962963 0.050453124999999946 0.2239907407407407
2 0.39915625 0.497 0.015062500000000038 0.027851851851851784
2 0.6164166666666666 0.29667592592592595 0.005807291666666714 0.015666666666666627
2 0.3999270833333333 0.31199074074074074 0.0028020833333333903 0.013972222222222252
2 0.20885937499999999 0.36910185185185185 0.006911458333333324 0.015592592592592621
2 0.47445312500000003 0.40121296296296294 0.009515624999999991 0.0275833333333333