3 0.32057291666666665 0.41388888888888886 0.08802083333333334 0.2111111111111111
3 0.11875 0.6347222222222222 0.07083333333333333 0.27314814814814814
3 0.26979166666666665 0.3101851851851852 0.04375 0.19444444444444445
3 0.4979166666666667 0.4300925925925926 0.090625 0.19907407407407407
3 0.24557291666666667 0.6171296296296296 0.0578125 0.2564814814814815
8 0.9455729166666667 0.5851851851851851 0.043229166666666666 0.22407407407407406
3 0.6684166666666667 0.5562592592592592 0.06213020833333331 0.2152592592592593
8 0.41770833333333335 0.7842592592592592 0.03125 0.19074074074074074
3 0.6402083333333334 0.5941388888888889 0.04805208333333345 0.23579629629629636
2 0.2703125 0.28055555555555556 0.007291666666666667 0.018518518518518517
0 0.38333333333333336 0.3199074074074074 0.016666666666666666 0.028703703703703703
2 0.6213541666666667 0.24444444444444444 0.007291666666666667 0.014814814814814815
2 0.12421875 0.5699074074074074 0.009895833333333333 0.026851851851851852
9 0.7393229166666667 0.2212962962962963 0.03177083333333333 0.020370370370370372
3 0.6182291666666667 0.27037037037037037 0.04375 0.17592592592592593
3 0.6369791666666667 0.43487962962962967 0.046875 0.12162037037037039
2 0.4153645833333333 0.3763888888888889 0.0067708333333333336 0.017592592592592594
2 0.31614583333333335 0.37407407407407406 0.0125 0.018518518518518517
4 0.4078177083333333 0.4125462962962963 0.06618229166666663 0.21538888888888888