3 0.4705729166666667 0.38101851851851853 0.0515625 0.18425925925925926
3 0.23411458333333332 0.6125 0.06510416666666667 0.19907407407407407
8 0.7565104166666666 0.7828703703703703 0.049479166666666664 0.19166666666666668
3 0.6078125 0.4912037037037037 0.075 0.20462962962962963
3 0.9296875 0.5263888888888889 0.06875 0.2324074074074074
3 0.5698802083333334 0.5933240740740741 0.061640624999999956 0.2440555555555555
3 0.65625 0.32175925925925924 0.058333333333333334 0.16018518518518518
4 0.3789739583333333 0.5856481481481481 0.05752604166666669 0.22870370370370371
3 0.3703125 0.5138888888888888 0.0875 0.2
2 0.5729166666666666 0.5287037037037037 0.017708333333333333 0.025925925925925925
3 0.11666666666666667 0.6666666666666666 0.05625 0.19444444444444445
8 0.11041666666666666 0.5657407407407408 0.029166666666666667 0.20555555555555555
2 0.3963541666666667 0.5722222222222222 0.014583333333333334 0.02962962962962963
2 0.6013020833333333 0.4564814814814815 0.011979166666666667 0.018518518518518517
0 0.36411458333333335 0.47983333333333333 0.01303124999999999 0.0246296296296296
2 0.46536458333333336 0.3537037037037037 0.0078125 0.018518518518518517
9 0.3260416666666667 0.2263888888888889 0.029166666666666667 0.019444444444444445
8 0.6799479166666667 0.29907407407407405 0.0359375 0.1685185185185185
2 0.38619791666666664 0.48333333333333334 0.0078125 0.016666666666666666
2 0.11119791666666666 0.6462962962962963 0.008854166666666666 0.02962962962962963
2 0.6611979166666667 0.2953703703703704 0.0067708333333333336 0.014814814814814815
3 0.6959010416666668 0.7472962962962963 0.09863020833333327 0.13772222222222222
2 0.68728125 0.7757962962962963 0.009322916666666714 0.011231481481481582