0 0.484921875 0.11038888888888888 0.01586979166666668 0.02889814814814814
9 0.25965104166666664 0.27612962962962967 0.032432291666666654 0.024314814814814806
3 0.33204687499999996 0.4144166666666666 0.050083333333333376 0.1955648148148148
3 0.34747395833333333 0.34420370370370373 0.043958333333333384 0.18824999999999995
3 0.4163385416666667 0.6823333333333333 0.07306770833333331 0.30044444444444446
3 0.2745208333333334 0.6855555555555556 0.06848958333333334 0.2449074074074074
3 0.21390104166666665 0.8479907407407408 0.0773697916666667 0.25388888888888894
3 0.708453125 0.6595462962962962 0.10903645833333328 0.2553333333333333
3 0.7378020833333333 0.6705648148148149 0.045369791666666735 0.24686111111111123
3 0.59421875 0.47583333333333333 0.07267708333333331 0.18524074074074068
3 0.7716354166666667 0.3943796296296296 0.043958333333333384 0.21038888888888888
3 0.4455989583333333 0.6484814814814815 0.05839583333333328 0.19359259259259254
8 0.515421875 0.8686296296296296 0.0626302083333334 0.2627407407407407
2 0.4266666666666667 0.6147222222222222 0.010427083333333325 0.030638888888888813
8 0.6375104166666666 0.31528703703703703 0.04038020833333344 0.17966666666666664
2 0.69996875 0.6044907407407407 0.016848958333333285 0.03690740740740731
2 0.7740364583333333 0.3589259259259259 0.008250000000000075 0.018462962962963014
2 0.34300520833333337 0.315 0.0067291666666667044 0.015592592592592621
2 0.3251822916666667 0.3749351851851852 0.010958333333333315 0.029324074074074037