0 0.49609375 0.18101851851851852 0.019270833333333334 0.03981481481481482
3 0.56953125 0.7476851851851852 0.04635416666666667 0.29907407407407405
8 0.4348958333333333 0.8208333333333333 0.051041666666666666 0.2972222222222222
8 0.06067708333333333 0.6277777777777778 0.04010416666666667 0.21481481481481482
8 0.66796875 0.29305555555555557 0.03177083333333333 0.175
3 0.265625 0.6550925925925926 0.058333333333333334 0.225
3 0.08776041666666666 0.7148148148148148 0.0640625 0.2222222222222222
3 0.36770833333333336 0.42962962962962964 0.0875 0.1962962962962963
3 0.46015625 0.3680555555555556 0.030729166666666665 0.18425925925925926
3 0.36302083333333335 0.3736111111111111 0.059375 0.17685185185185184
3 0.6552083333333333 0.5578703703703703 0.058333333333333334 0.21574074074074073
3 0.86328125 0.41203703703703703 0.05260416666666667 0.25
3 0.6244791666666667 0.7865740740740741 0.07395833333333333 0.2916666666666667
9 0.329265625 0.24887962962962965 0.0343385416666667 0.023842592592592592
3 0.46622916666666664 0.26840740740740743 0.0314791666666667 0.18908333333333335
2 0.5840416666666666 0.7336111111111111 0.009406249999999972 0.03006481481481484
2 0.24999479166666666 0.6187685185185186 0.008937499999999984 0.02295370370370367
2 0.4715729166666666 0.23662037037037037 0.006411458333333305 0.0170740740740741
2 0.66309375 0.5095092592592593 0.014156249999999915 0.033675925925925825