8 0.7174479166666666 0.7902777777777777 0.0484375 0.18055555555555555
3 0.6653645833333334 0.6652777777777777 0.0734375 0.21944444444444444
3 0.16901041666666666 0.7277777777777777 0.07864583333333333 0.26481481481481484
3 0.18984375 0.5018518518518519 0.0515625 0.2462962962962963
3 0.6536458333333334 0.37962962962962965 0.04479166666666667 0.1925925925925926
8 0.86640625 0.38564814814814813 0.0421875 0.1824074074074074
3 0.3984375 0.6041666666666666 0.06770833333333333 0.24351851851851852
3 0.56875 0.7777777777777778 0.057291666666666664 0.2074074074074074
8 0.09427083333333333 0.3768518518518518 0.04479166666666667 0.16111111111111112
3 0.42135416666666664 0.5 0.051041666666666666 0.22407407407407406
3 0.31223958333333335 0.449537037037037 0.0546875 0.20092592592592592
3 0.68671875 0.3189814814814815 0.0359375 0.18055555555555555
2 0.15364583333333334 0.6731481481481482 0.010416666666666666 0.027777777777777776
2 0.5622395833333333 0.7578703703703704 0.013020833333333334 0.028703703703703703
2 0.4200520833333333 0.44907407407407407 0.0109375 0.027777777777777776
3 0.28515625 0.41944444444444445 0.03802083333333333 0.2574074074074074
2 0.6533854166666667 0.34629629629629627 0.0067708333333333336 0.016666666666666666
2 0.6875 0.2935185185185185 0.007291666666666667 0.016666666666666666
9 0.8010416666666667 0.2722222222222222 0.03125 0.016666666666666666
0 0.5033854166666667 0.00787037037037037 0.018229166666666668 0.01574074074074074
2 0.27421875 0.3925925925925926 0.008854166666666666 0.022222222222222223
2 0.32005208333333335 0.412962962962963 0.009895833333333333 0.024074074074074074
2 0.4010416666666667 0.5462962962962963 0.013541666666666667 0.02962962962962963
2 0.6459375 0.6246574074074074 0.006859375000000038 0.019759259259259185