3 0.41530729166666663 0.7673981481481481 0.07383854166666666 0.2586759259259258
3 0.2835260416666667 0.5227407407407407 0.059119791666666664 0.2238611111111111
3 0.06208333333333334 0.6263611111111111 0.04740104166666668 0.23815740740740743
8 0.5088697916666667 0.8584907407407406 0.054713541666666705 0.26547222222222217
3 0.7041614583333333 0.7977685185185186 0.0524166666666666 0.2632777777777777
3 0.6653802083333333 0.6328240740740741 0.036317708333333344 0.22795370370370374
8 0.10877083333333333 0.3169259259259259 0.03608333333333335 0.19497222222222219
3 0.36002083333333335 0.39502777777777776 0.05046875000000005 0.21147222222222226
3 0.5317552083333333 0.5417314814814815 0.05397395833333339 0.2650833333333333
3 0.15636458333333333 0.33924074074074073 0.041223958333333324 0.20908333333333332
8 0.6517447916666667 0.3207407407407407 0.033255208333333286 0.1510462962962963
0 0.5738541666666667 0.018342592592592587 0.017239583333333287 0.03088888888888889
2 0.538921875 0.47278703703703706 0.00990624999999999 0.02668518518518518
3 0.5564114583333333 0.2691111111111111 0.03950000000000008 0.22636111111111112
9 0.6270885416666666 0.24501851851851852 0.0344479166666666 0.024666666666666653
2 0.3564947916666667 0.3551759259259259 0.0076874999999999956 0.023259259259259264
2 0.2795520833333333 0.4824074074074074 0.009005208333333315 0.02652777777777781
3 0.5241927083333333 0.33114814814814814 0.04214062499999998 0.22385185185185183
2 0.71028125 0.7420833333333334 0.01068229166666678 0.02921296296296292
2 0.160765625 0.2979351851851852 0.008796874999999992 0.019324074074074077
2 0.516875 0.3049537037037037 0.007677083333333338 0.021953703703703736