3 0.2884791666666667 0.6841296296296296 0.1259427083333333 0.2339074074074075
3 0.410265625 0.6761851851851851 0.056296874999999955 0.2814814814814815
3 0.34428125 0.4398611111111111 0.0417604166666667 0.1974259259259259
3 0.37040625 0.37957407407407406 0.03681770833333336 0.15981481481481483
3 0.5545260416666667 0.4992037037037037 0.07740624999999994 0.19837962962962963
8 0.6628229166666666 0.3448333333333333 0.04679687499999995 0.1801481481481482
3 0.8007083333333332 0.4389166666666666 0.04477083333333335 0.2111111111111111
3 0.756859375 0.6796481481481481 0.043932291666666616 0.22830555555555548
3 0.7620885416666667 0.6802962962962963 0.0728333333333334 0.22659259259259262
8 0.5721354166666667 0.8796296296296297 0.05364583333333333 0.24074074074074073
3 0.26935937499999996 0.8720740740740742 0.039369791666666654 0.2558425925925926
3 0.41378125000000004 0.6893240740740741 0.11118750000000001 0.1701388888888889
0 0.40589583333333334 0.12167592592592592 0.014921875000000048 0.027638888888888897
8 0.013052083333333332 0.6953518518518519 0.026104166666666664 0.2594722222222222
9 0.277484375 0.3025 0.0314114583333333 0.026120370370370405
2 0.2740677083333333 0.6371296296296296 0.012369791666666666 0.03261111111111114
2 0.4145520833333334 0.6099537037037037 0.012369791666666666 0.03185185185185194
2 0.336515625 0.3933240740740741 0.009713541666666714 0.02475000000000002
2 0.36836458333333333 0.3620277777777778 0.005999999999999991 0.01598148148148147
2 0.5516145833333332 0.46335185185185185 0.013135416666666563 0.022620370370370325
2 0.8024218750000001 0.4016296296296296 0.008223958333333314 0.020499999999999987