3 0.6892447916666666 0.833638888888889 0.06153124999999993 0.2722592592592593
3 0.29378125 0.5682407407407408 0.059067708333333344 0.22479629629629627
3 0.5744114583333333 0.5866388888888889 0.08893229166666666 0.2622407407407408
8 0.4902916666666667 0.8844537037037037 0.049781249999999964 0.2310833333333334
3 0.3771510416666667 0.4341481481481481 0.03786979166666669 0.22439814814814812
3 0.060947916666666664 0.6729166666666667 0.047406250000000004 0.23162037037037045
3 0.6617395833333333 0.6692314814814815 0.03953645833333326 0.2296203703703704
3 0.14658333333333334 0.385611111111111 0.057640624999999994 0.21339814814814811
8 0.10873437500000001 0.35375 0.04857291666666666 0.1940555555555556
3 0.4563802083333333 0.8067129629629629 0.06969791666666664 0.25712962962962965
8 0.6463489583333334 0.3578148148148148 0.032791666666666684 0.1509907407407408
3 0.5256666666666666 0.38175 0.03544270833333337 0.2171296296296296
3 0.575171875 0.29312037037037036 0.04280208333333325 0.19546296296296298
2 0.5675364583333333 0.5294259259259259 0.010708333333333304 0.0260833333333334
0 0.5905104166666667 0.06614814814814815 0.017270833333333256 0.03124074074074075
2 0.14719270833333334 0.3432777777777778 0.013828124999999976 0.021138888888888926
2 0.2830416666666667 0.524962962962963 0.008973958333333342 0.02521296296296298
2 0.693078125 0.7746574074074074 0.010963541666666762 0.029944444444444367
9 0.6209218750000001 0.2807222222222222 0.03239062500000003 0.022388888888888844
2 0.6669739583333333 0.6202777777777777 0.009973958333333382 0.02951851851851862
2 0.5765989583333333 0.25751851851851854 0.009734375000000028 0.01773148148148146
2 0.45009895833333335 0.7528425925925927 0.007932291666666676 0.031740740740740715
2 0.062000000000000006 0.63 0.008489583333333339 0.02242592592592595