8 0.027083333333333334 0.3023148148148148 0.05416666666666667 0.20277777777777778
3 0.48098958333333336 0.33796296296296297 0.0546875 0.22407407407407406
8 0.5684895833333333 0.850462962962963 0.0640625 0.2657407407407407
3 0.20260416666666667 0.41944444444444445 0.05625 0.22037037037037038
3 0.3927083333333333 0.2550925925925926 0.0375 0.2064814814814815
3 0.3184895833333333 0.39675925925925926 0.03802083333333333 0.22314814814814815
8 0.7268229166666667 0.35185185185185186 0.0421875 0.2111111111111111
3 0.29583333333333334 0.4925925925925926 0.05416666666666667 0.22407407407407406
3 0.64375 0.399537037037037 0.046875 0.2101851851851852
5 0.44609375 0.7333333333333333 0.058854166666666666 0.3592592592592593
3 0.18255208333333334 0.3226851851851852 0.04114583333333333 0.19907407407407407
3 0.6635416666666667 0.4689814814814815 0.052083333333333336 0.2712962962962963
7 0.5119791666666667 0.6282407407407408 0.07708333333333334 0.2935185185185185
0 0.44947916666666665 0.5736111111111111 0.020833333333333332 0.03796296296296296
9 0.64375 0.19768518518518519 0.035416666666666666 0.023148148148148147
2 0.471875 0.30092592592592593 0.007291666666666667 0.020370370370370372
2 0.44557291666666665 0.6939814814814815 0.0140625 0.03611111111111111
2 0.30104166666666665 0.43796296296296294 0.009375 0.025925925925925925
2 0.39765625 0.21574074074074073 0.0109375 0.018518518518518517
2 0.20520833333333333 0.3773148148148148 0.007291666666666667 0.019444444444444445
2 0.1840625 0.2916388888888889 0.00966145833333331 0.01955555555555556