3 0.13359375 0.7 0.1109375 0.25555555555555554
3 0.6903645833333333 0.35462962962962963 0.049479166666666664 0.18333333333333332
8 0.71875 0.7648148148148148 0.046875 0.1962962962962963
3 0.4356770833333333 0.47962962962962963 0.05364583333333333 0.21666666666666667
8 0.03802083333333333 0.36203703703703705 0.05 0.17592592592592593
3 0.19817708333333334 0.48009259259259257 0.05572916666666667 0.2361111111111111
3 0.65 0.6342592592592593 0.08541666666666667 0.21666666666666667
3 0.70703125 0.2875 0.03697916666666667 0.17314814814814813
8 0.8903645833333333 0.362962962962963 0.03697916666666667 0.17407407407407408
3 0.5783854166666667 0.7462962962962963 0.0609375 0.2037037037037037
7 0.4010416666666667 0.4101851851851852 0.06666666666666667 0.20925925925925926
2 0.32890625 0.5476851851851852 0.016145833333333335 0.026851851851851852
2 0.7049479166666667 0.2657407407407407 0.0078125 0.016666666666666666
2 0.4375 0.42777777777777776 0.016666666666666666 0.024074074074074074
5 0.32135416666666666 0.3527777777777778 0.042708333333333334 0.24074074074074073
9 0.8388020833333333 0.25277777777777777 0.030729166666666665 0.018518518518518517
0 0.3606770833333333 0.13564814814814816 0.016145833333333335 0.028703703703703703
2 0.5713541666666667 0.7287037037037037 0.008333333333333333 0.027777777777777776
3 0.3322291666666667 0.5960277777777778 0.047505208333333354 0.230925925925926
2 0.409015625 0.39292592592592596 0.011265625000000057 0.021879629629629624
2 0.18446354166666667 0.42603703703703705 0.005989583333333334 0.023481481481481496