0 0.24141666666666667 0.294 0.01780208333333331 0.0316481481481481
9 0.353828125 0.21175925925925926 0.03252604166666669 0.021879629629629624
2 0.21053645833333334 0.6008981481481481 0.010546875 0.029694444444444384
5 0.20867187499999998 0.6190648148148148 0.04901041666666668 0.30982407407407403
7 0.242734375 0.6077314814814815 0.060875 0.2949814814814814
3 0.30547916666666663 0.4946296296296297 0.05274479166666666 0.22816666666666668
3 0.3936041666666667 0.44110185185185186 0.061973958333333336 0.2133240740740741
3 0.5623854166666666 0.4260555555555555 0.049666666666666734 0.22074074074074077
3 0.35932291666666666 0.37155555555555553 0.046151041666666615 0.22269444444444444
3 0.37129687499999997 0.4121851851851852 0.04065624999999997 0.21332407407407405
3 0.23185416666666667 0.36530555555555555 0.08219270833333336 0.16175000000000006
8 0.26910416666666664 0.2975185185185185 0.04065624999999997 0.16995370370370375
8 0.4579375 0.7356851851851851 0.05297916666666668 0.17993518518518511
3 0.7342604166666666 0.690787037037037 0.04617708333333326 0.24846296296296289
3 0.7108645833333332 0.483 0.07111979166666677 0.23747222222222225
2 0.30932291666666667 0.4583055555555556 0.0067708333333333336 0.019685185185185177
2 0.37049479166666666 0.383212962962963 0.0060781250000000375 0.01999074074074077
2 0.5568645833333333 0.38916666666666666 0.006718750000000048 0.01853703703703702