8 0.7525104166666666 0.7985 0.06397916666666674 0.25462962962962965
8 0.6971979166666666 0.23553703703703704 0.036098958333333306 0.17825
8 0.04224479166666666 0.5195555555555555 0.04705729166666666 0.21961111111111117
3 0.20297916666666668 0.7036481481481482 0.07584375 0.24818518518518515
3 0.327671875 0.5683611111111111 0.05939062499999999 0.20430555555555557
3 0.54440625 0.5235648148148149 0.07224479166666668 0.20430555555555557
3 0.5311666666666668 0.31239814814814815 0.04730729166666669 0.20430555555555555
3 0.3754895833333334 0.32931481481481484 0.04088020833333334 0.18145370370370373
3 0.34656770833333334 0.24041666666666664 0.039078124999999984 0.19745370370370371
3 0.6045677083333333 0.22852777777777777 0.043447916666666704 0.17185185185185187
3 0.627703125 0.5281388888888888 0.07944270833333343 0.2445277777777777
3 0.7140885416666667 0.537962962962963 0.06401562499999992 0.1873981481481481
4 0.7485416666666667 0.5685833333333333 0.11235416666666656 0.19745370370370371
0 0.7491822916666667 0.5841296296296297 0.014395833333333267 0.03290740740740737
2 0.190375 0.6521574074074075 0.010427083333333325 0.030574074074074056
9 0.2718802083333333 0.1762962962962963 0.03220312499999999 0.026018518518518538
2 0.605234375 0.19801851851851854 0.012015625000000085 0.013277777777777755
2 0.35023437500000004 0.2088425925925926 0.006541666666666638 0.015749999999999993
2 0.3349739583333333 0.5341203703703704 0.010656250000000018 0.0197962962962964
2 0.6313489583333334 0.46096296296296296 0.008546874999999924 0.021481481481481525