3 0.4731510416666667 0.8143425925925926 0.08189583333333333 0.29725000000000007
3 0.686890625 0.8319537037037037 0.06276562500000012 0.2955925925925927
3 0.6055625 0.5706018518518519 0.056494791666666565 0.29434259259259254
3 0.17716145833333333 0.6019351851851852 0.07856770833333335 0.22816666666666674
3 0.40023958333333337 0.4400092592592592 0.052624999999999984 0.2370185185185185
8 0.4155416666666667 0.9178333333333333 0.044130208333333344 0.16433333333333336
3 0.6674895833333333 0.6781666666666666 0.04918750000000003 0.262574074074074
3 0.05155208333333334 0.39898148148148144 0.055473958333333344 0.24699074074074073
8 0.6696302083333333 0.3265925925925926 0.047885416666666694 0.17855555555555558
8 0.02568229166666667 0.3390462962962963 0.04381770833333333 0.21854629629629627
3 0.46586458333333336 0.3337685185185185 0.05903124999999996 0.22726851851851854
2 0.6031093750000001 0.5072777777777778 0.012203124999999915 0.03060185185185181
2 0.6683489583333333 0.6349722222222222 0.014119791666666734 0.032731481481481396
2 0.470625 0.7543981481481481 0.011437500000000019 0.036129629629629616
0 0.616390625 0.29359259259259257 0.019020833333333324 0.030268518518518465
9 0.6315989583333333 0.2481574074074074 0.040270833333333415 0.025953703703703677
2 0.6884791666666668 0.7751944444444445 0.010953125000000103 0.033435185185185096
2 0.050687499999999996 0.34824074074074074 0.016765625 0.0227777777777778
2 0.40583854166666666 0.4086018518518519 0.007869791666666615 0.0246388888888889
2 0.46134375 0.2998796296296296 0.007890625000000047 0.020425925925925875