3 0.47994791666666664 0.3787037037037037 0.0453125 0.18518518518518517
3 0.59609375 0.4935185185185185 0.0609375 0.18333333333333332
3 0.39453125 0.524537037037037 0.058854166666666666 0.22314814814814815
3 0.9315104166666667 0.5305555555555556 0.0640625 0.22407407407407406
3 0.21901041666666668 0.6291666666666667 0.0515625 0.21203703703703702
3 0.5830729166666667 0.6305555555555555 0.0703125 0.2462962962962963
3 0.5932291666666667 0.31342592592592594 0.053125 0.16018518518518518
8 0.6658854166666667 0.31157407407407406 0.03802083333333333 0.14722222222222223
8 0.765625 0.7796296296296297 0.03958333333333333 0.1925925925925926
3 0.0859375 0.6671296296296296 0.04583333333333333 0.18055555555555555
0 0.3703125 0.65 0.015625 0.027777777777777776
2 0.5950520833333334 0.5657407407407408 0.015104166666666667 0.024074074074074074
2 0.40911458333333334 0.6032407407407407 0.016145833333333335 0.028703703703703703
2 0.5942708333333333 0.46296296296296297 0.013541666666666667 0.018518518518518517
2 0.08515625 0.6537037037037037 0.0109375 0.027777777777777776
2 0.390625 0.49027777777777776 0.008333333333333333 0.019444444444444445
8 0.07734375 0.5689814814814815 0.027604166666666666 0.20092592592592592
9 0.2864583333333333 0.23703703703703705 0.028125 0.018518518518518517
2 0.4783854166666667 0.34675925925925927 0.0067708333333333336 0.017592592592592594
2 0.5940104166666667 0.2851851851851852 0.0078125 0.016666666666666666
4 0.4015416666666667 0.6383888888888889 0.07621874999999996 0.19491666666666665
3 0.6502239583333334 0.742037037037037 0.11148958333333331 0.10644444444444448
2 0.22218229166666664 0.5924074074074074 0.00919791666666665 0.01627777777777771