4 0.7024218750000001 0.5724722222222222 0.0945468750000001 0.26299999999999996
3 0.5760364583333334 0.5304444444444444 0.06201041666666664 0.21850925925925926
3 0.5532343750000001 0.7096574074074073 0.08648437500000003 0.28821296296296295
3 0.4952552083333333 0.6320370370370371 0.07953125000000003 0.24964814814814826
8 0.31033333333333335 0.770462962962963 0.06229166666666662 0.2140555555555556
3 0.20466666666666666 0.7121203703703703 0.06340104166666667 0.2674444444444444
3 0.24790625000000002 0.6762870370370371 0.07202083333333333 0.2511388888888889
3 0.31394791666666666 0.32306481481481486 0.051723958333333306 0.21306481481481482
8 0.13917708333333334 0.3082314814814815 0.05033333333333333 0.1952685185185185
9 0.18797916666666667 0.18587962962962962 0.03781770833333334 0.027685185185185163
3 0.3399479166666667 0.24273148148148146 0.04921875 0.18687037037037033
3 0.5761770833333333 0.3767037037037037 0.06451562499999994 0.2076296296296297
3 0.7527552083333333 0.30798148148148147 0.048385416666666715 0.20071296296296295
8 0.8927656249999999 0.29686111111111113 0.04477083333333335 0.20219444444444445
0 0.69209375 0.5480185185185186 0.018390624999999973 0.03129629629629625
2 0.213078125 0.6655648148148148 0.012526041666666644 0.03029629629629632
2 0.5517760416666667 0.6206388888888889 0.013546875000000114 0.028481481481481472
2 0.34288541666666666 0.2108425925925926 0.01268229166666662 0.012740740740740733
2 0.7444895833333334 0.27199074074074076 0.004255208333333371 0.014805555555555563