8 0.8174479166666667 0.8847222222222222 0.06510416666666667 0.23055555555555557
8 0.7513020833333334 0.28425925925925927 0.044270833333333336 0.2111111111111111
3 0.3221354166666667 0.7476851851851852 0.06302083333333333 0.2675925925925926
3 0.71640625 0.7564814814814815 0.058854166666666666 0.24814814814814815
3 0.38697916666666665 0.44907407407407407 0.07916666666666666 0.2722222222222222
3 0.48020833333333335 0.5157407407407407 0.05 0.2759259259259259
8 0.07161458333333333 0.6310185185185185 0.04114583333333333 0.2657407407407407
3 0.9877604166666667 0.37916666666666665 0.024479166666666666 0.2324074074074074
7 0.290625 0.44907407407407407 0.06770833333333333 0.36776851851851855
9 0.3419270833333333 0.2111111111111111 0.0359375 0.022222222222222223
0 0.32760416666666664 0.2375 0.016666666666666666 0.030555555555555555
2 0.31171875 0.711574074074074 0.0109375 0.03425925925925926
2 0.7223958333333333 0.7060185185185185 0.011458333333333333 0.028703703703703703
2 0.31536458333333334 0.42592592592592593 0.0078125 0.027777777777777776
2 0.3848958333333333 0.4009259259259259 0.009375 0.024074074074074074
2 0.490625 0.4476851851851852 0.009375 0.028703703703703703
3 0.390546875 0.42668518518518517 0.04757812499999995 0.24572222222222223
6 0.32564583333333336 0.4240555555555556 0.05994270833333329 0.37032407407407414
2 0.3276302083333333 0.40969444444444447 0.01264062499999999 0.02920370370370367
2 0.9949270833333334 0.33551851851851855 0.007192708333333305 0.01992592592592591