0 0.45358333333333334 0.11822222222222223 0.01822395833333334 0.030722222222222227
9 0.34057291666666667 0.3030925925925926 0.0333645833333333 0.02362962962962961
3 0.3672916666666667 0.4436666666666667 0.035807291666666664 0.1813240740740741
3 0.35711979166666663 0.4807962962962963 0.05506770833333334 0.18422222222222226
3 0.27017708333333335 0.7231296296296297 0.059677083333333325 0.2117037037037036
3 0.11135416666666667 0.779787037037037 0.08273437500000001 0.22665740740740736
3 0.581046875 0.8345277777777778 0.052083333333333336 0.22810185185185178
3 0.6850729166666666 0.8631296296296296 0.07514062499999999 0.27374074074074084
3 0.6412656250000001 0.5733888888888888 0.0477447916666667 0.22279629629629624
3 0.8801145833333333 0.47428703703703706 0.05127083333333336 0.23292592592592587
3 0.4802708333333333 0.4238981481481482 0.04584374999999999 0.18614814814814817
3 0.48868229166666666 0.33467592592592593 0.03282291666666666 0.1716759259259259
8 0.6843958333333333 0.3481851851851852 0.04123437500000004 0.1716759259259259
8 0.4504322916666667 0.8684351851851851 0.05343749999999995 0.2631296296296297
8 0.07120833333333333 0.6898518518518518 0.048015625 0.22231481481481474
2 0.6402552083333333 0.5311203703703704 0.0112552083333334 0.030203703703703604
2 0.8795260416666667 0.43244444444444446 0.005197916666666676 0.0191111111111111