9 0.3001875 0.29587962962962966 0.03470312499999994 0.024166666666666687
8 0.266640625 0.3904814814814815 0.03933333333333335 0.1681203703703703
8 0.40517187499999996 0.8840555555555555 0.060734374999999945 0.23187962962962957
8 0.8745416666666667 0.3925370370370371 0.04048958333333322 0.1886851851851852
3 0.7614635416666666 0.5115648148148149 0.05147916666666674 0.2704351851851851
3 0.684390625 0.5321296296296296 0.10729166666666666 0.20462962962962963
3 0.45317708333333334 0.4023055555555556 0.0422239583333333 0.1856018518518519
3 0.493375 0.3226203703703704 0.042802083333333366 0.19074074074074074
3 0.5384895833333334 0.5861111111111111 0.04858333333333338 0.19948148148148154
3 0.559890625 0.7591203703703704 0.06362499999999999 0.2822592592592592
3 0.47934895833333335 0.6683703703703704 0.08184375000000005 0.15835185185185183
3 0.37104166666666666 0.6809722222222223 0.06535937500000001 0.21850925925925926
3 0.5016197916666667 0.8622037037037037 0.06969791666666664 0.27558333333333324
3 0.508703125 0.6565462962962964 0.07345833333333332 0.2416388888888889
2 0.46214062499999997 0.6335462962962963 0.009572916666666724 0.019768518518518435
2 0.5189583333333333 0.6073333333333333 0.014822916666666686 0.03431481481481476
2 0.5445156250000001 0.5424166666666667 0.01373958333333339 0.030740740740740784
2 0.5619635416666667 0.7020370370370371 0.021463541666666686 0.033759259259259294
0 0.6085677083333334 0.1497222222222222 0.019718750000000066 0.026777777777777793
2 0.499328125 0.2922314814814815 0.005723958333333338 0.014777777777777812