0 0.2754583333333333 0.1803611111111111 0.02014583333333334 0.03799074074074077
8 0.19547395833333334 0.33358333333333334 0.04823437500000001 0.21129629629629632
3 0.25368229166666667 0.4584074074074074 0.060848958333333356 0.2901666666666667
3 0.31045833333333334 0.4679907407407407 0.07225000000000001 0.2673703703703703
3 0.34088541666666666 0.4538796296296296 0.050880208333333364 0.2434907407407407
3 0.3690729166666667 0.5249722222222223 0.08486458333333337 0.27279629629629626
3 0.392984375 0.5987870370370371 0.0850677083333333 0.2800370370370371
3 0.396140625 0.38604629629629633 0.0946354166666667 0.20767592592592596
3 0.5759427083333333 0.34697222222222224 0.05861458333333332 0.24675
3 0.7942135416666667 0.4037685185185185 0.06288541666666655 0.25037037037037035
3 0.8469218749999999 0.7490925925925925 0.06654687499999999 0.3635648148148149
3 0.9528541666666667 0.4086574074074074 0.06268229166666663 0.2601388888888889
8 0.245640625 0.8478796296296297 0.06553124999999997 0.29197222222222213
2 0.39984895833333334 0.5452314814814815 0.014989583333333318 0.029842592592592608
2 0.852234375 0.6680185185185186 0.012046875000000058 0.03758333333333326
9 0.26305729166666664 0.20900925925925926 0.03967708333333331 0.024824074074074075
2 0.3785625 0.4695648148148148 0.013260416666666686 0.032305555555555594
2 0.7926927083333334 0.3574259259259259 0.005583333333333229 0.016694444444444418
2 0.57609375 0.30564814814814817 0.014796874999999925 0.020342592592592617
2 0.39984375 0.35677777777777775 0.006348958333333362 0.016037037037037082
2 0.30668229166666666 0.40369444444444447 0.008624999999999971 0.029527777777777764