8 0.4941875 0.8756111111111111 0.06432291666666666 0.24877777777777785
3 0.5606770833333333 0.5768425925925926 0.08325520833333329 0.2650092592592593
3 0.2945989583333333 0.5586018518518518 0.06645833333333331 0.21971296296296292
3 0.4459427083333333 0.789 0.05118749999999998 0.26453703703703707
3 0.6949583333333333 0.8223611111111111 0.052973958333333356 0.26635185185185195
3 0.6626145833333333 0.6574722222222222 0.039473958333333316 0.22630555555555562
3 0.36869270833333334 0.4258240740740741 0.04794791666666664 0.2181018518518518
3 0.062302083333333334 0.6536574074074074 0.04350520833333333 0.23462037037037026
8 0.6479791666666667 0.3477777777777778 0.033114583333333295 0.14167592592592593
8 0.114265625 0.34449074074074076 0.049281250000000006 0.19131481481481483
3 0.15527604166666667 0.3659074074074074 0.05519270833333335 0.20895370370370367
3 0.528484375 0.37295370370370373 0.043437500000000046 0.2054722222222222
0 0.5828541666666667 0.029092592592592594 0.017286458333333362 0.03467592592592593
2 0.5520885416666667 0.515287037037037 0.011197916666666667 0.027824074074074032
2 0.290015625 0.5185462962962962 0.010005208333333352 0.024842592592592524
3 0.5632760416666667 0.2912037037037037 0.04180208333333345 0.1885277777777778
9 0.624484375 0.26912962962962966 0.03224479166666659 0.02080555555555558
2 0.7008541666666667 0.7667592592592593 0.009979166666666591 0.029990740740740835
2 0.15608854166666666 0.32558333333333334 0.010713541666666692 0.018574074074074024
2 0.5683333333333334 0.25540740740740736 0.012062499999999924 0.020083333333333384
2 0.4328125 0.7302685185185186 0.008927083333333386 0.031398148148148224
2 0.6705729166666666 0.6077407407407408 0.010041666666666772 0.031435185185185226
2 0.3631979166666667 0.38469444444444445 0.005088541666666657 0.02442592592592592