9 0.278109375 0.24500925925925926 0.029171874999999996 0.025925925925925925
0 0.28838541666666667 0.25194444444444447 0.015885416666666666 0.030194444444444458
3 0.47847395833333334 0.3227962962962963 0.054635416666666714 0.21666666666666667
3 0.3964010416666667 0.38849999999999996 0.05660937500000003 0.22149999999999997
3 0.295046875 0.41487037037037044 0.06353125000000001 0.2338055555555556
3 0.24547916666666666 0.4862870370370371 0.05784895833333336 0.20962962962962967
3 0.21507291666666667 0.6739444444444445 0.09196354166666669 0.23687962962962955
3 0.25190625 0.7007592592592593 0.08058854166666665 0.2852222222222222
3 0.42285416666666664 0.6649351851851851 0.06798437499999999 0.2979722222222222
3 0.5035677083333333 0.8042592592592592 0.1211302083333333 0.32170370370370366
8 0.27625520833333334 0.8396296296296296 0.05809374999999998 0.23951851851851846
3 0.7507760416666667 0.4124537037037037 0.04696874999999991 0.2412777777777778
3 0.8578177083333334 0.41575 0.05834374999999999 0.23732407407407402
8 0.226046875 0.3720462962962964 0.04929687499999999 0.20720370370370372
2 0.41502083333333334 0.6018796296296296 0.018177083333333382 0.03631481481481484
2 0.5146302083333334 0.7328148148148149 0.01424479166666662 0.03831481481481491
2 0.24279166666666668 0.6376944444444445 0.013682291666666657 0.03464814814814821
2 0.8581145833333333 0.3742962962962963 0.007359375000000057 0.017314814814814856
2 0.4790989583333333 0.2890277777777778 0.012953124999999944 0.0161481481481482
2 0.30219270833333334 0.37760185185185186 0.005088541666666657 0.015268518518518527
2 0.25002083333333336 0.4663425925925926 0.005671874999999993 0.019898148148148158