0 0.34024479166666666 0.3945648148148148 0.019343750000000052 0.03334259259259258
3 0.3311458333333333 0.797 0.09296875 0.27688888888888885
3 0.24668229166666666 0.7865648148148148 0.08697916666666666 0.2679351851851851
8 0.025161458333333334 0.7646296296296295 0.05031770833333334 0.27518518518518525
3 0.4241145833333333 0.49263888888888885 0.08530208333333332 0.21341666666666667
3 0.45202604166666666 0.4668703703703704 0.0769166666666667 0.22491666666666668
3 0.5665625 0.5891296296296297 0.05295312500000004 0.2598425925925926
3 0.6005885416666668 0.46367592592592594 0.08074999999999997 0.1963796296296296
3 0.561890625 0.3682592592592593 0.055109374999999974 0.20319444444444448
8 0.8482291666666666 0.37635185185185177 0.06996875000000008 0.20575
3 0.8191145833333333 0.9579259259259258 0.0601406249999999 0.08414814814814825
8 0.5729166666666666 0.9254629629629629 0.06041666666666667 0.14907407407407408
2 0.3304635416666667 0.7449537037037036 0.015489583333333338 0.037694444444444475
2 0.24557291666666667 0.7218333333333333 0.01473958333333331 0.032083333333333415
9 0.35381250000000003 0.2926111111111111 0.039921875000000044 0.03462962962962961
2 0.5643958333333334 0.34162037037037035 0.009296874999999953 0.018861111111111117
2 0.41076041666666663 0.4534722222222222 0.00965624999999998 0.019425925925925944
2 0.5700364583333334 0.5386944444444444 0.013713541666666629 0.038749999999999916