9 0.2616145833333333 0.20708333333333334 0.03757812499999999 0.027018518518518525
8 0.19348437500000001 0.3375925925925926 0.04870312499999999 0.21476851851851853
3 0.3862083333333333 0.38792592592592595 0.0777708333333333 0.2469907407407408
3 0.25228125 0.46897222222222223 0.06436979166666665 0.29497222222222214
3 0.317125 0.4877685185185185 0.09513541666666671 0.25537962962962957
3 0.3939479166666667 0.6027037037037036 0.13326562500000005 0.27651851851851855
3 0.35515625 0.5330648148148148 0.08890625000000002 0.2701388888888889
3 0.338265625 0.47333333333333333 0.05436458333333339 0.21242592592592588
3 0.5793177083333333 0.34682407407407406 0.06002604166666667 0.2412777777777778
3 0.7904479166666667 0.4068888888888889 0.06625520833333336 0.24732407407407409
3 0.9598645833333334 0.4072222222222222 0.05549479166666676 0.25873148148148145
3 0.8586875 0.6795462962962963 0.08569791666666665 0.22751851851851854
8 0.24283854166666666 0.8383518518518519 0.07090104166666669 0.3151018518518519
2 0.399078125 0.5434814814814816 0.013406250000000005 0.029787037037037105
2 0.3650364583333333 0.47605555555555557 0.01843229166666672 0.03574074074074071
2 0.38973437499999997 0.34880555555555554 0.0065833333333333854 0.015990740740740726
2 0.5803541666666666 0.3060925925925926 0.014463541666666658 0.020055555555555524
2 0.7931510416666666 0.36033333333333334 0.005557291666666704 0.01735185185185186
0 0.26450520833333335 0.1953425925925926 0.015572916666666685 0.028351851851851857
2 0.30895833333333333 0.4354166666666667 0.007057291666666643 0.0275648148148148
2 0.8646197916666666 0.6698888888888889 0.011031249999999914 0.037537037037037