3 0.7875 0.5625 0.08020833333333334 0.24537037037037038
3 0.41067708333333336 0.5569444444444445 0.07552083333333333 0.25833333333333336
3 0.5484375 0.3296296296296296 0.058333333333333334 0.21666666666666667
3 0.7005208333333334 0.5925925925925926 0.06666666666666667 0.2796296296296296
8 0.29348958333333336 0.8800925925925925 0.0765625 0.23981481481481481
3 0.07239583333333334 0.5708333333333333 0.057291666666666664 0.2638888888888889
8 0.38359375 0.3199074074074074 0.03802083333333333 0.20833333333333334
3 0.5802083333333333 0.35462962962962963 0.05520833333333333 0.23333333333333334
3 0.27634375 0.36786111111111114 0.059812499999999984 0.21427777777777773
3 0.0171875 0.836574074074074 0.034375 0.2712962962962963
2 0.7026041666666667 0.5333333333333333 0.021875 0.03333333333333333
9 0.7497395833333333 0.26157407407407407 0.03802083333333333 0.021296296296296296
2 0.5513020833333333 0.2962962962962963 0.0078125 0.020370370370370372
0 0.7455729166666667 0.24675925925925926 0.018229166666666668 0.03611111111111111
2 0.79296875 0.5171296296296296 0.011979166666666667 0.030555555555555555
3 0.67421875 0.5601851851851852 0.09322916666666667 0.26296296296296295
3 0.264609375 0.34527777777777774 0.06995833333333336 0.1904814814814815