3 0.55390625 0.4212962962962963 0.08177083333333333 0.2037037037037037
3 0.3299479166666667 0.6291666666666667 0.09427083333333333 0.18611111111111112
3 0.6690104166666667 0.6643518518518519 0.058854166666666666 0.21944444444444444
3 0.8484375 0.7615740740740741 0.065625 0.22314814814814815
3 0.18932291666666667 0.8379629629629629 0.0671875 0.25925925925925924
8 0.32395833333333335 0.3787037037037037 0.034375 0.17962962962962964
8 0.32947916666666666 0.8185185185185185 0.03292187500000002 0.12407407407407407
3 0.5609375 0.33611111111111114 0.04791666666666667 0.20185185185185187
3 0.7661458333333333 0.5356481481481481 0.07291666666666667 0.2064814814814815
8 0.98203125 0.6564814814814814 0.0359375 0.22407407407407406
3 0.7919270833333333 0.5476851851851852 0.06510416666666667 0.24166666666666667
0 0.31328125 0.12777777777777777 0.016145833333333335 0.02962962962962963
2 0.5619791666666667 0.3726851851851852 0.015625 0.023148148148148147
2 0.18385416666666668 0.7870370370370371 0.015625 0.03148148148148148
2 0.8390625 0.7268518518518519 0.010416666666666666 0.027777777777777776
2 0.5598958333333334 0.3023148148148148 0.007291666666666667 0.017592592592592594
9 0.725 0.3013888888888889 0.03125 0.019444444444444445
5 0.2559895833333333 0.37083333333333335 0.034895833333333334 0.2601851851851852
3 0.2669270833333333 0.41728703703703707 0.0421875 0.26543518518518516
2 0.6707447916666667 0.6265740740740741 0.006307291666666733 0.01842592592592601
2 0.32251562500000003 0.6023518518518518 0.007187499999999976 0.016453703703703686