8 0.14399479166666668 0.2827037037037037 0.03701041666666665 0.1633148148148148
8 0.6915781249999999 0.7638055555555555 0.04831770833333333 0.1632592592592592
4 0.5324947916666666 0.48400000000000004 0.06922916666666665 0.16828703703703704
3 0.36013020833333337 0.3986018518518519 0.06470833333333334 0.18436111111111117
3 0.31590625 0.5513148148148148 0.0791197916666667 0.206462962962963
3 0.386265625 0.6319444444444444 0.05707812499999996 0.2270555555555556
3 0.5997447916666666 0.705787037037037 0.07431249999999992 0.23409259259259255
3 0.6017239583333333 0.5693981481481482 0.09692187500000007 0.2245462962962963
3 0.4906770833333333 0.45637962962962964 0.05453645833333335 0.13914814814814813
3 0.7305729166666667 0.3360648148148148 0.060749999999999936 0.17782407407407413
3 0.8742604166666667 0.3717314814814815 0.0723385416666666 0.19289814814814818
3 0.8395052083333333 0.5759351851851852 0.0559479166666667 0.21148148148148152
0 0.505375 0.462037037037037 0.018838541666666705 0.02825925925925924
2 0.38675 0.5969444444444445 0.006182291666666609 0.025925925925925925
2 0.31753125 0.5188981481481482 0.007770833333333371 0.017703703703703604