3 0.9138020833333333 0.5236111111111111 0.06302083333333333 0.23796296296296296
3 0.5984375 0.4875 0.071875 0.20462962962962963
8 0.7497395833333333 0.7810185185185186 0.050520833333333334 0.19722222222222222
3 0.2390625 0.6074074074074074 0.06145833333333333 0.21481481481481482
3 0.459375 0.37037037037037035 0.042708333333333334 0.1925925925925926
3 0.5520833333333334 0.5606481481481481 0.04479166666666667 0.23425925925925925
0 0.38229166666666664 0.40046296296296297 0.017708333333333333 0.030555555555555555
8 0.11666666666666667 0.5675925925925925 0.028125 0.2111111111111111
2 0.39739583333333334 0.5064814814814815 0.013541666666666667 0.024074074074074074
2 0.459375 0.3416666666666667 0.007291666666666667 0.018518518518518517
2 0.6015625 0.45185185185185184 0.014583333333333334 0.018518518518518517
3 0.13347395833333334 0.6691018518518519 0.04553645833333335 0.18618518518518512
9 0.3359375 0.22361111111111112 0.029166666666666667 0.019444444444444445
2 0.12604166666666666 0.6504629629629629 0.009375 0.030555555555555555
3 0.37813541666666667 0.5159444444444444 0.0772708333333334 0.18618518518518518
3 0.690265625 0.3100648148148148 0.0505520833333333 0.17803703703703702
2 0.6875 0.27546296296296297 0.007291666666666667 0.017592592592592594
5 0.38994791666666667 0.5351666666666667 0.0499635416666667 0.27242592592592596
8 0.673359375 0.29846296296296293 0.0388333333333333 0.15640740740740736
2 0.5567708333333333 0.5050925925925925 0.016666666666666666 0.025
3 0.7213958333333333 0.7654166666666666 0.10122395833333328 0.1050740740740741