8 0.2549322916666667 0.36225 0.044229166666666674 0.15976851851851848
4 0.29614583333333333 0.458212962962963 0.0466458333333333 0.19872222222222227
3 0.30006770833333335 0.4816296296296296 0.06091666666666669 0.1940833333333333
3 0.4039114583333333 0.48680555555555555 0.03819791666666662 0.184425925925926
3 0.4157708333333333 0.5137962962962963 0.0490572916666667 0.18836111111111117
3 0.41074479166666666 0.3463425925925926 0.05106770833333331 0.14797222222222228
3 0.49669270833333334 0.3266851851851852 0.04966145833333328 0.17299074074074078
3 0.6001354166666667 0.5018240740740741 0.049458333333333354 0.21445370370370376
3 0.3509322916666667 0.6212037037037037 0.04202083333333337 0.17299074074074067
3 0.38390625 0.6912499999999999 0.05408333333333329 0.21302777777777773
8 0.34268750000000003 0.7731018518518519 0.0629270833333333 0.21230555555555553
3 0.8388802083333334 0.5016388888888889 0.061317708333333346 0.20980555555555552
8 0.8148541666666667 0.3790462962962963 0.03658854166666667 0.1676296296296296
2 0.417265625 0.48292592592592587 0.009562499999999948 0.022490740740740707
2 0.345765625 0.6053703703703703 0.013729166666666615 0.029342592592592642
2 0.3719895833333334 0.6569259259259259 0.014343749999999982 0.029342592592592642
9 0.285296875 0.2701203703703704 0.02638020833333338 0.019194444444444462
2 0.40571875 0.44233333333333336 0.009500000000000005 0.018018518518518552
2 0.49278125 0.2981759259259259 0.005088541666666657 0.014472222222222218
2 0.40933854166666667 0.3217685185185185 0.0036562499999999907 0.011435185185185206
0 0.289109375 0.37587037037037035 0.01313541666666668 0.027518518518518543
2 0.597984375 0.4573148148148148 0.009473958333333362 0.0246018518518519