3 0.25833333333333336 0.7537037037037037 0.08229166666666667 0.25555555555555554
8 0.7364583333333333 0.2935185185185185 0.040625 0.1962962962962963
3 0.27630208333333334 0.6064814814814815 0.0734375 0.2518518518518518
8 0.7958333333333333 0.875462962962963 0.059375 0.2490740740740741
3 0.43084375 0.47848148148148145 0.09262499999999996 0.22525925925925924
3 0.53671875 0.4981481481481482 0.04908333333333328 0.2537037037037037
3 0.7778645833333333 0.7685185185185185 0.11197916666666667 0.18703703703703703
8 0.09947916666666666 0.6180555555555556 0.036458333333333336 0.2490740740740741
3 0.9091145833333333 0.3712962962962963 0.0546875 0.22037037037037038
3 0.3390625 0.5907407407407408 0.05520833333333333 0.24444444444444444
3 0.35598958333333336 0.4439814814814815 0.050520833333333334 0.22314814814814815
2 0.36041666666666666 0.41435185185185186 0.009375 0.021296296296296296
2 0.33697916666666666 0.5430555555555555 0.01875 0.030555555555555555
0 0.3231875 0.14966666666666664 0.01587500000000001 0.030481481481481495
2 0.2734375 0.5583333333333333 0.011458333333333333 0.027777777777777776
2 0.5440104166666667 0.44074074074074077 0.011979166666666667 0.027777777777777776
9 0.35234375 0.22453703703703703 0.0328125 0.021296296296296296
2 0.7580729166666667 0.7138888888888889 0.0171875 0.018518518518518517
3 0.98203125 0.5953703703703703 0.0359375 0.21666666666666667
3 0.4102760416666667 0.45063888888888887 0.051979166666666646 0.24018518518518517
2 0.8976197916666667 0.32871296296296293 0.006500000000000009 0.018018518518518552