0 0.65459375 0.2805462962962963 0.016682291666666772 0.033120370370370356
5 0.7303697916666666 0.544537037037037 0.05811979166666674 0.29216666666666663
7 0.6151302083333333 0.4820462962962963 0.08868229166666666 0.308787037037037
3 0.49691145833333333 0.6140277777777777 0.09841145833333335 0.27294444444444443
3 0.4804895833333333 0.5920925925925926 0.05873958333333332 0.2074814814814814
8 0.467171875 0.8297777777777777 0.06673958333333327 0.25360185185185197
3 0.23316666666666666 0.6003981481481481 0.05867187499999999 0.2536018518518519
3 0.150859375 0.7440092592592592 0.06701562499999998 0.26399074074074086
3 0.3227083333333333 0.3168888888888889 0.04921875 0.19675925925925927
3 0.32813020833333334 0.24643518518518517 0.040041666666666725 0.19032407407407406
8 0.6281770833333333 0.20565740740740743 0.04171354166666674 0.17797222222222225
3 0.7527552083333333 0.2780740740740741 0.04894270833333323 0.20416666666666666
3 0.6265625 0.3710462962962963 0.06190104166666662 0.19630555555555554
2 0.4854791666666667 0.5432407407407408 0.012671874999999963 0.029768518518518604
9 0.24838020833333332 0.17825925925925926 0.038625000000000013 0.027546296296296298
2 0.7526979166666667 0.2470277777777778 0.008630208333333418 0.02163888888888889
2 0.6164375 0.4528611111111111 0.015374999999999991 0.037175925925925904
2 0.6240729166666666 0.3441111111111111 0.013921875000000009 0.0228148148148148
2 0.31456770833333336 0.275537037037037 0.009046874999999944 0.02887962962962968
2 0.32860416666666664 0.21601851851851853 0.008333333333333333 0.01773148148148146