3 0.603125 0.4888888888888889 0.071875 0.20555555555555555
8 0.7510416666666667 0.7833333333333333 0.04895833333333333 0.1925925925925926
3 0.46171875 0.37546296296296294 0.0421875 0.18981481481481483
3 0.9182291666666667 0.5226851851851851 0.042708333333333334 0.23796296296296296
3 0.5653645833333333 0.5675925925925925 0.0515625 0.22962962962962963
3 0.23608854166666668 0.6135277777777778 0.06176562500000002 0.20073148148148146
3 0.6708333333333333 0.31574074074074077 0.04479166666666667 0.1685185185185185
4 0.381359375 0.5615740740740741 0.04933854166666667 0.2657407407407407
8 0.11380208333333333 0.562962962962963 0.028645833333333332 0.2
2 0.5638020833333334 0.513425925925926 0.0171875 0.025
3 0.125515625 0.6659999999999999 0.044984375 0.18774999999999997
0 0.3730833333333334 0.4298240740740741 0.015171875000000057 0.025361111111111098
2 0.6015625 0.45092592592592595 0.013541666666666667 0.018518518518518517
2 0.67578125 0.2865740740740741 0.0067708333333333336 0.017592592592592594
9 0.33125 0.22546296296296298 0.029166666666666667 0.019444444444444445
2 0.4625 0.3458333333333333 0.008333333333333333 0.019444444444444445
2 0.11796875 0.6476851851851851 0.008854166666666666 0.028703703703703703
3 0.3727395833333333 0.5168518518518519 0.07989062500000005 0.1824074074074074
2 0.3953125 0.5361111111111111 0.013541666666666667 0.022222222222222223
3 0.7041510416666666 0.7643703703703704 0.09073437500000002 0.10247222222222228
2 0.3826510416666667 0.49395370370370373 0.0077760416666667 0.015462962962963005
2 0.6967656249999999 0.7773055555555556 0.007901041666666704 0.010092592592592677