3 0.20963541666666666 0.3212962962962963 0.0703125 0.19444444444444445
8 0.028385416666666666 0.29768518518518516 0.05677083333333333 0.2064814814814815
3 0.38359375 0.24675925925925926 0.0515625 0.20462962962962963
3 0.484375 0.3333333333333333 0.05520833333333333 0.2222222222222222
3 0.5114583333333333 0.6597222222222222 0.090625 0.2175925925925926
3 0.33697916666666666 0.39444444444444443 0.05520833333333333 0.21296296296296297
8 0.7294270833333333 0.34814814814814815 0.0390625 0.21296296296296297
8 0.5645833333333333 0.8518518518518519 0.06041666666666667 0.25925925925925924
3 0.2828125 0.49444444444444446 0.04791666666666667 0.22777777777777777
3 0.6567708333333333 0.399537037037037 0.053125 0.2175925925925926
3 0.67578125 0.4791666666666667 0.0453125 0.275
2 0.4549479166666667 0.7398148148148148 0.013020833333333334 0.03518518518518519
2 0.3927083333333333 0.20694444444444443 0.011458333333333333 0.019444444444444445
2 0.47369791666666666 0.29583333333333334 0.0078125 0.021296296296296296
9 0.6455729166666667 0.19444444444444445 0.0359375 0.022222222222222223
3 0.44989583333333333 0.7877777777777777 0.05803645833333337 0.2636018518518519
3 0.20273958333333333 0.42896296296296293 0.0543333333333333 0.19707407407407404
2 0.20422395833333334 0.2924444444444444 0.009671875000000026 0.020472222222222235