8 0.04886979166666667 0.5660092592592593 0.04282291666666667 0.22314814814814815
8 0.44471875 0.7868333333333333 0.06831770833333337 0.2208240740740741
8 0.6316927083333332 0.21878703703703703 0.03301562499999993 0.1749166666666667
9 0.30988020833333335 0.17869444444444446 0.03007291666666667 0.027314814814814816
3 0.259703125 0.5994166666666667 0.06112499999999998 0.21326851851851844
3 0.40189583333333334 0.3088611111111111 0.040859375000000024 0.18770370370370373
3 0.44242708333333336 0.35274074074074074 0.05524479166666663 0.208037037037037
3 0.4321302083333334 0.19002777777777777 0.04380208333333328 0.17782407407407408
3 0.42461458333333335 0.27835185185185185 0.03857291666666664 0.18479629629629635
3 0.6931458333333332 0.514 0.06504687499999993 0.20978703703703697
4 0.5828229166666666 0.7208703703703704 0.07779687499999995 0.3050833333333333
7 0.53215625 0.6435833333333334 0.06014583333333334 0.24349074074074076
0 0.5735052083333334 0.5857685185185185 0.019937500000000104 0.04300000000000005
3 0.8554895833333334 0.35200000000000004 0.04389583333333344 0.22739814814814818
3 0.06890625 0.6604351851851852 0.04668229166666667 0.2321666666666667
2 0.5897447916666666 0.677074074074074 0.0075937499999999625 0.031333333333333255
2 0.25871875 0.5650648148148149 0.009776041666666657 0.020296296296296364
2 0.43521354166666665 0.16155555555555554 0.005833333333333357 0.015796296296296298
2 0.8519583333333334 0.30900000000000005 0.005546875000000047 0.01998148148148152
2 0.6891979166666666 0.4742222222222222 0.015703125000000047 0.022212962962962973