4 0.5663229166666667 0.7500833333333333 0.08390624999999995 0.22565740740740745
8 0.4800364583333333 0.7688888888888888 0.06061458333333327 0.2125555555555555
8 0.6463125000000001 0.19819444444444445 0.03470312500000006 0.16987962962962966
2 0.5582395833333333 0.6968333333333334 0.016401041666666553 0.029583333333333375
3 0.5213958333333334 0.697675925925926 0.06679166666666667 0.2104444444444444
3 0.4447395833333333 0.5011759259259259 0.07654166666666669 0.21636111111111112
3 0.49845833333333334 0.5442870370370371 0.0660833333333334 0.24002777777777778
3 0.3380104166666667 0.3638425925925926 0.04944270833333337 0.1918518518518518
3 0.23627604166666666 0.5778796296296297 0.043739583333333346 0.24467592592592594
3 0.051104166666666666 0.604712962962963 0.04421354166666666 0.23749074074074075
3 0.3420520833333333 0.30996296296296294 0.04896874999999999 0.19396296296296298
3 0.44378645833333336 0.3182037037037037 0.05657291666666673 0.17833333333333334
3 0.5356614583333333 0.20114814814814816 0.04349999999999999 0.18593518518518515
9 0.292046875 0.16278703703703704 0.0332395833333333 0.023120370370370395
0 0.5864947916666666 0.750462962962963 0.013229166666666714 0.03447222222222224
2 0.5382552083333334 0.16952777777777778 0.00670833333333339 0.017712962962962958
2 0.49933333333333335 0.5022407407407407 0.007625000000000052 0.02089814814814809
2 0.46074479166666665 0.46696296296296297 0.012963541666666719 0.022611111111111075
2 0.52209375 0.6627685185185185 0.008374999999999962 0.017712962962963066
2 0.3325260416666667 0.31828703703703703 0.009557291666666618 0.02801851851851851