8 0.29651041666666667 0.41505555555555557 0.04606250000000003 0.17115740740740737
8 0.443546875 0.9184444444444444 0.055213541666666664 0.16311111111111118
3 0.6682864583333333 0.8205185185185185 0.07934375000000007 0.2857499999999999
3 0.742109375 0.8802685185185186 0.06584895833333325 0.23946296296296285
3 0.8255416666666666 0.5467685185185185 0.06830208333333326 0.2544814814814814
3 0.8946614583333333 0.5702222222222223 0.05030729166666674 0.2722962962962962
3 0.624015625 0.38153703703703706 0.03701562500000009 0.2075833333333333
3 0.46982291666666665 0.4744259259259259 0.06278124999999998 0.20722222222222217
3 0.45438541666666665 0.5823981481481482 0.053166666666666626 0.23993518518518522
3 0.41921354166666663 0.6080277777777777 0.05561979166666665 0.1646851851851851
3 0.414 0.7648981481481482 0.07177604166666664 0.25012037037037027
3 0.49334375 0.6425648148148149 0.05746354166666663 0.24538888888888888
9 0.336390625 0.3199166666666667 0.03640104166666672 0.02762962962962966
0 0.32903125 0.2759259259259259 0.01758854166666666 0.0312685185185185
2 0.67290625 0.756425925925926 0.024531249999999952 0.032129629629629675
2 0.4169114583333334 0.7121574074074074 0.014937500000000032 0.034101851851851786
2 0.41875520833333335 0.5955925925925926 0.02083854166666666 0.034425925925925985
2 0.49372916666666666 0.5880555555555556 0.010697916666666647 0.025898148148148174
2 0.6287187500000001 0.3488611111111111 0.006203124999999924 0.01684259259259264
2 0.46779166666666666 0.43951851851851853 0.007463541666666629 0.019388888888888938
2 0.8269322916666667 0.4995277777777778 0.011406250000000047 0.023768518518518585