3 0.3796875 0.2273148148148148 0.06145833333333333 0.16018518518518518
8 0.5989583333333334 0.7356481481481482 0.04479166666666667 0.20092592592592592
3 0.42890625 0.4777777777777778 0.05677083333333333 0.20185185185185187
8 0.06848958333333334 0.2824074074074074 0.043229166666666666 0.1685185185185185
3 0.196875 0.6060185185185185 0.09166666666666666 0.2212962962962963
3 0.7518229166666667 0.5412037037037037 0.07135416666666666 0.225
3 0.6979166666666666 0.5791666666666667 0.041666666666666664 0.21574074074074073
8 0.725 0.2884259259259259 0.03229166666666667 0.175
3 0.7231770833333333 0.6893518518518519 0.0546875 0.21944444444444444
3 0.67109375 0.4361111111111111 0.059895833333333336 0.1648148148148148
3 0.4674479166666667 0.29259259259259257 0.0296875 0.18518518518518517
3 0.17239583333333333 0.5462962962962963 0.06979166666666667 0.23703703703703705
2 0.18098958333333334 0.4981481481481482 0.015104166666666667 0.02962962962962963
2 0.728125 0.6430555555555556 0.010416666666666666 0.028703703703703703
9 0.6765625 0.18009259259259258 0.030208333333333334 0.017592592592592594
0 0.3143229166666667 0.5351851851851852 0.0171875 0.02962962962962963
2 0.3690104166666667 0.20185185185185187 0.0109375 0.014814814814814815
2 0.28020833333333334 0.5398148148148149 0.011458333333333333 0.03148148148148148
4 0.2920520833333333 0.5860740740740741 0.06403125000000003 0.21512962962962956
2 0.7548541666666666 0.4956481481481481 0.008161458333333371 0.019435185185185194