3 0.7559895833333333 0.5217592592592593 0.0671875 0.20462962962962963
3 0.5481770833333334 0.4162037037037037 0.08177083333333333 0.20277777777777778
3 0.65234375 0.6569444444444444 0.06197916666666667 0.2175925925925926
3 0.8385416666666666 0.7560185185185185 0.078125 0.225
2 0.8299479166666667 0.7231481481481481 0.009895833333333333 0.027777777777777776
2 0.803125 0.47314814814814815 0.013541666666666667 0.025925925925925925
9 0.7252604166666666 0.29259259259259257 0.030729166666666665 0.018518518518518517
0 0.25416666666666665 0.23425925925925925 0.015625 0.027777777777777776
3 0.30963541666666666 0.6097222222222223 0.05364583333333333 0.18981481481481483
3 0.7963541666666667 0.524537037037037 0.057291666666666664 0.22685185185185186
5 0.2522447916666667 0.3794259259259259 0.030661458333333336 0.24787962962962967
7 0.292015625 0.39609259259259255 0.06853124999999999 0.2790555555555556
3 0.5646614583333334 0.32502777777777775 0.045354166666666626 0.20286111111111113
3 0.18922916666666667 0.826324074074074 0.06494270833333331 0.25739814814814815
2 0.18284895833333334 0.778425925925926 0.01646875 0.03125
2 0.5453958333333334 0.36483333333333334 0.015114583333333324 0.02213888888888886
2 0.5631666666666667 0.29025 0.007036458333333447 0.015027777777777794
2 0.6533802083333333 0.6243148148148148 0.005875000000000104 0.020166666666666642
8 0.313625 0.37372222222222223 0.02703125000000005 0.17951851851851852
8 0.32435416666666667 0.8141666666666666 0.03696875000000001 0.13141666666666674
8 0.9812604166666666 0.6479722222222222 0.03747395833333324 0.22783333333333328