3 0.3984375 0.3921296296296296 0.07291666666666667 0.20462962962962963
3 0.6255208333333333 0.37546296296296294 0.046875 0.19166666666666668
3 0.2875 0.7449074074074075 0.059375 0.2712962962962963
8 0.023177083333333334 0.3453703703703704 0.04635416666666667 0.19074074074074074
3 0.7684895833333333 0.6236111111111111 0.0515625 0.225
8 0.5979166666666667 0.7837962962962963 0.05 0.18981481481481483
3 0.35260416666666666 0.31574074074074077 0.040625 0.1962962962962963
8 0.7859375 0.3680555555555556 0.036458333333333336 0.1935185185185185
3 0.4359375 0.6546296296296297 0.058333333333333334 0.2611111111111111
7 0.2515625 0.47314814814814815 0.1 0.25925925925925924
3 0.6502604166666667 0.325 0.043229166666666666 0.18888888888888888
3 0.8401041666666667 0.7300925925925926 0.0625 0.2064814814814815
2 0.44036458333333334 0.5888888888888889 0.018229166666666668 0.02962962962962963
2 0.8489583333333334 0.7106481481481481 0.0125 0.028703703703703703
0 0.3151041666666667 0.11157407407407408 0.020833333333333332 0.03425925925925926
2 0.2875 0.6944444444444444 0.0125 0.02962962962962963
2 0.2552083333333333 0.4046296296296296 0.0125 0.022222222222222223
2 0.7614583333333333 0.5824074074074074 0.008333333333333333 0.020370370370370372
2 0.6291666666666667 0.3351851851851852 0.007291666666666667 0.022222222222222223
2 0.19114583333333332 0.44675925925925924 0.007291666666666667 0.023148148148148147
9 0.7299479166666667 0.2388888888888889 0.0328125 0.018518518518518517
2 0.64921875 0.29583333333333334 0.0078125 0.01574074074074074
2 0.3578125 0.28425925925925927 0.009375 0.020370370370370372
2 0.4044270833333333 0.3458333333333333 0.009895833333333333 0.023148148148148147
5 0.20730729166666664 0.48268518518518516 0.05216145833333332 0.27898148148148144