8 0.715625 0.8004629629629629 0.05520833333333333 0.16018518518518518
3 0.5276041666666667 0.5787037037037037 0.08020833333333334 0.2351851851851852
3 0.5424479166666667 0.7856481481481481 0.059895833333333336 0.18796296296296297
3 0.2872395833333333 0.46435185185185185 0.05364583333333333 0.20092592592592592
3 0.6575520833333334 0.39814814814814814 0.04739583333333333 0.20555555555555555
3 0.70390625 0.3726851851851852 0.0578125 0.16944444444444445
3 0.4471354166666667 0.5064814814814815 0.0640625 0.22962962962962963
3 0.17942708333333332 0.7212962962962963 0.0609375 0.26851851851851855
8 0.85703125 0.39490740740740743 0.04739583333333333 0.18796296296296297
3 0.6783854166666666 0.6782407407407407 0.050520833333333334 0.24166666666666667
3 0.24401041666666667 0.43194444444444446 0.04010416666666667 0.2657407407407407
2 0.16614583333333333 0.6657407407407407 0.017708333333333333 0.02962962962962963
3 0.1703125 0.5078703703703704 0.036458333333333336 0.23981481481481481
0 0.725 0.16064814814814815 0.016666666666666666 0.028703703703703703
2 0.5432291666666667 0.7773148148148148 0.015625 0.028703703703703703
9 0.7877604166666666 0.2791666666666667 0.0328125 0.019444444444444445
2 0.6776041666666667 0.6342592592592593 0.009375 0.027777777777777776
2 0.6627604166666666 0.3611111111111111 0.0067708333333333336 0.016666666666666666
8 0.14573958333333334 0.3664351851851852 0.038536458333333336 0.15758333333333338
2 0.23181770833333332 0.4048425925925926 0.008406249999999994 0.02256481481481482