3 0.5479583333333333 0.5575925925925926 0.06665104166666662 0.2694537037037037
3 0.2937291666666667 0.5383425925925925 0.06461979166666663 0.22272222222222218
3 0.42630729166666664 0.7794166666666666 0.05361458333333336 0.2624722222222223
3 0.36390625000000004 0.4145185185185185 0.05428125000000002 0.21491666666666667
3 0.6998802083333333 0.8117777777777778 0.04793229166666677 0.26470370370370383
8 0.5026875 0.8689907407407408 0.059583333333333384 0.2608425925925926
3 0.6642656250000001 0.6451759259259259 0.037531249999999974 0.2273703703703703
8 0.11033854166666666 0.3331111111111111 0.04147916666666666 0.18995370370370368
3 0.06040104166666667 0.64075 0.040479166666666656 0.23693518518518505
3 0.5589114583333333 0.291 0.045968750000000114 0.2112685185185185
3 0.5245468750000001 0.35433333333333333 0.04036458333333339 0.1960833333333333
3 0.15478645833333332 0.3521203703703704 0.04985937500000001 0.2106203703703704
0 0.5785833333333333 0.020407407407407405 0.017812499999999905 0.03309259259259259
8 0.6497499999999999 0.3367777777777778 0.032401041666666686 0.1470740740740741
2 0.54578125 0.49193518518518514 0.010067708333333295 0.027212962962963057
9 0.6253020833333333 0.257212962962963 0.03238541666666658 0.02213888888888886
2 0.15847395833333333 0.3129722222222222 0.011531249999999993 0.02179629629629626
2 0.2846197916666667 0.4987685185185185 0.009145833333333304 0.024953703703703745
2 0.7045989583333333 0.7553425925925926 0.009713541666666714 0.02919444444444442
2 0.35971875 0.3724074074074074 0.0051354166666666146 0.02458333333333329
2 0.5168697916666667 0.3188611111111111 0.006395833333333319 0.024287037037037055
2 0.672546875 0.5965 0.008416666666666591 0.029546296296296373
2 0.42494791666666665 0.7122777777777778 0.0077656250000000425 0.028962962962962937