3 0.35390625 0.7055555555555556 0.11510416666666666 0.28703703703703703
3 0.6330729166666667 0.3939814814814815 0.04635416666666667 0.18981481481481483
8 0.1140625 0.3282407407407407 0.04583333333333333 0.1787037037037037
3 0.68046875 0.3106481481481482 0.04010416666666667 0.1824074074074074
3 0.25779166666666664 0.5695185185185185 0.046921875000000016 0.2081759259259259
3 0.46588541666666666 0.5990740740740741 0.050520833333333334 0.2518518518518518
8 0.76484375 0.32546296296296295 0.03697916666666667 0.15462962962962962
3 0.28313020833333336 0.43451851851851847 0.08061979166666665 0.1931018518518518
3 0.3346354166666667 0.4527777777777778 0.0546875 0.22592592592592592
8 0.5890625 0.763425925925926 0.078125 0.18425925925925926
0 0.18958333333333333 0.45694444444444443 0.015625 0.026851851851851852
2 0.33671875 0.6421296296296296 0.011979166666666667 0.026851851851851852
2 0.28046875 0.3875 0.0171875 0.025
9 0.7369791666666666 0.23425925925925925 0.03125 0.016666666666666666
3 0.2905625 0.5115740740740741 0.043875000000000004 0.1879537037037037
2 0.6846354166666667 0.27546296296296297 0.0067708333333333336 0.021296296296296296
2 0.6408854166666667 0.3592592592592593 0.0067708333333333336 0.022222222222222223
2 0.2877604166666667 0.48194444444444445 0.009895833333333333 0.017592592592592594
4 0.197015625 0.4238055555555556 0.0437864583333333 0.16576851851851854
3 0.253234375 0.4181944444444444 0.039895833333333346 0.14301851851851854