8 0.25488541666666664 0.3152592592592593 0.044291666666666646 0.19699999999999998
9 0.3300885416666667 0.2112037037037037 0.03213020833333336 0.022231481481481474
0 0.28111458333333333 0.5955462962962963 0.025578124999999948 0.04160185185185191
3 0.21879687499999997 0.7711666666666667 0.101234375 0.20125925925925917
8 0.5058958333333333 0.8052685185185186 0.07129687500000005 0.14562037037037034
3 0.46643749999999995 0.5537037037037037 0.08544791666666664 0.21722222222222218
3 0.3009791666666667 0.502175925925926 0.05224999999999997 0.22835185185185192
3 0.36166666666666664 0.42622222222222217 0.0658541666666667 0.2370555555555555
3 0.38915104166666664 0.44581481481481483 0.07619791666666664 0.22593518518518518
3 0.40833854166666667 0.5314444444444445 0.05415625000000001 0.2268981481481481
3 0.3235677083333333 0.381712962962963 0.05932291666666671 0.20028703703703699
3 0.7389791666666666 0.418962962962963 0.06449479166666663 0.2360925925925926
3 0.9008958333333333 0.6543333333333333 0.07973437500000008 0.224962962962963
3 0.9800416666666667 0.5174166666666666 0.03991145833333339 0.2704444444444444
2 0.21622916666666667 0.7428518518518519 0.012104166666666671 0.030740740740740784
2 0.29559375 0.44739814814814816 0.009213541666666695 0.0272222222222222
2 0.7368229166666667 0.3778055555555555 0.006140624999999981 0.021148148148148176