8 0.5888020833333333 0.7722222222222223 0.06822916666666666 0.21296296296296297
3 0.2674479166666667 0.7425925925925926 0.07135416666666666 0.2740740740740741
8 0.023177083333333334 0.35 0.0453125 0.1925925925925926
3 0.5036458333333333 0.5810185185185185 0.057291666666666664 0.2490740740740741
3 0.67265625 0.40555555555555556 0.0765625 0.1814814814814815
3 0.7671875 0.6263888888888889 0.05 0.22314814814814815
3 0.425 0.37083333333333335 0.05520833333333333 0.2101851851851852
3 0.18411458333333333 0.513425925925926 0.06197916666666667 0.2861111111111111
8 0.78046875 0.36157407407407405 0.04114583333333333 0.19166666666666668
3 0.3953125 0.33796296296296297 0.051041666666666666 0.19814814814814816
3 0.6958333333333333 0.37037037037037035 0.051041666666666666 0.1814814814814815
3 0.8213541666666667 0.7421296296296296 0.05520833333333333 0.23425925925925925
3 0.14401041666666667 0.487962962962963 0.06510416666666667 0.23703703703703705
2 0.5083333333333333 0.5287037037037037 0.017708333333333333 0.027777777777777776
2 0.82109375 0.7050925925925926 0.013020833333333334 0.030555555555555555
2 0.2625 0.6898148148148148 0.0125 0.02962962962962963
0 0.58671875 0.034722222222222224 0.018229166666666668 0.030555555555555555
2 0.39348958333333334 0.30787037037037035 0.011979166666666667 0.019444444444444445
2 0.41770833333333335 0.3314814814814815 0.008333333333333333 0.022222222222222223
2 0.6765625 0.37222222222222223 0.009375 0.024074074074074074
2 0.17291666666666666 0.5041666666666667 0.0125 0.025
9 0.7291666666666666 0.24259259259259258 0.034375 0.018518518518518517