4 0.367640625 0.4401759259259259 0.055984375 0.24446296296296294
0 0.34969791666666666 0.3850648148148148 0.017848958333333324 0.0327314814814815
9 0.28310416666666666 0.2327777777777778 0.03494270833333332 0.026046296296296317
8 0.22909375 0.34900000000000003 0.06819270833333337 0.17700925925925923
2 0.3172916666666667 0.5101388888888889 0.012401041666666638 0.02637962962962964
2 0.52403125 0.5473796296296296 0.011083333333333318 0.028722222222222205
2 0.23233333333333334 0.7657592592592593 0.01420833333333332 0.03094444444444451
3 0.22780208333333332 0.784074074074074 0.0925416666666667 0.20525000000000007
3 0.3205208333333333 0.5350833333333334 0.07335937499999995 0.19736111111111115
3 0.37203125 0.46261111111111114 0.050265624999999994 0.23809259259259263
3 0.43029166666666663 0.48250925925925925 0.05523958333333331 0.21093518518518514
3 0.45311979166666666 0.6110277777777777 0.05719270833333331 0.24567592592592585
3 0.52328125 0.5889259259259259 0.1051510416666666 0.2368333333333333
8 0.5503697916666667 0.8271759259259259 0.05417708333333333 0.10325925925925925
3 0.8052552083333333 0.4297685185185185 0.06447916666666677 0.23304629629629633
3 0.9630208333333333 0.6666666666666666 0.07395833333333333 0.23333333333333334