8 0.25119791666666663 0.35753703703703704 0.03995312499999999 0.14686111111111114
9 0.28430208333333334 0.2667777777777778 0.030494791666666642 0.02162037037037039
6 0.289125 0.42685185185185187 0.04786458333333335 0.24156481481481476
0 0.287328125 0.32399074074074075 0.01555729166666661 0.027472222222222183
3 0.29221354166666663 0.4681944444444444 0.05713020833333336 0.1952407407407407
3 0.34847395833333333 0.6443888888888889 0.04265625000000005 0.22372222222222213
8 0.3342916666666667 0.7722037037037037 0.06330729166666664 0.20759259259259263
3 0.378875 0.6895092592592592 0.05519791666666667 0.2151388888888888
3 0.4055104166666667 0.5193240740740741 0.045161458333333356 0.20141666666666663
3 0.395375 0.4958148148148148 0.0627291666666667 0.18872222222222215
3 0.4070520833333333 0.33935185185185185 0.04825000000000005 0.16263888888888886
3 0.49892708333333335 0.3244259259259259 0.060218749999999946 0.1712222222222222
3 0.5971666666666666 0.48912962962962964 0.05095312499999996 0.21376851851851847
3 0.8482708333333334 0.5030185185185185 0.07990625000000004 0.2099907407407407
8 0.81796875 0.3842962962962963 0.03628645833333337 0.18116666666666664
2 0.41189583333333335 0.48162037037037037 0.009791666666666643 0.0224166666666667
2 0.3934270833333333 0.4486574074074074 0.011421875000000033 0.020833333333333332
2 0.3424791666666666 0.6018611111111111 0.01334895833333339 0.036129629629629616
2 0.37518229166666667 0.6453703703703704 0.014088541666666643 0.03243518518518516
2 0.49795312500000005 0.2989722222222222 0.005593750000000005 0.01590740740740736
2 0.4063541666666667 0.3143611111111111 0.0036458333333333334 0.011490740740740711
2 0.5956770833333334 0.4486851851851852 0.009859374999999915 0.025009259259259252