9 0.32421354166666666 0.2845648148148148 0.03930729166666668 0.03823148148148145
8 0.28503125 0.3854259259259259 0.047958333333333325 0.18898148148148144
8 0.44156249999999997 0.9162962962962964 0.05782812499999999 0.1673981481481482
3 0.8997395833333334 0.8703703703703703 0.0890625 0.25925925925925924
3 0.757296875 0.8065833333333333 0.09816666666666668 0.3033425925925925
3 0.8295833333333333 0.5387777777777778 0.06139583333333339 0.27034259259259263
3 0.697328125 0.3858425925925925 0.07032291666666665 0.22591666666666663
3 0.45923437500000003 0.5885925925925926 0.08745833333333337 0.23543518518518516
3 0.38534375 0.7643796296296296 0.07531770833333327 0.2798611111111111
7 0.3481666666666667 0.4756111111111111 0.1123385416666667 0.3420092592592593
3 0.4092604166666666 0.48198148148148146 0.05961458333333335 0.23036111111111107
6 0.35753645833333336 0.4330833333333334 0.05255729166666671 0.36863888888888896
0 0.3495052083333333 0.27264814814814814 0.024531249999999952 0.04104629629629634
2 0.7668854166666667 0.7473703703703704 0.023989583333333304 0.03694444444444453
2 0.38558333333333333 0.7161388888888889 0.015421874999999948 0.03999074074074079
2 0.4653802083333333 0.5470555555555556 0.012208333333333361 0.0338888888888888
2 0.6964583333333334 0.3471388888888889 0.007692708333333324 0.021129629629629675
2 0.8239427083333334 0.4824259259259259 0.010635416666666704 0.025324074074074044