8 0.58828125 0.7722222222222223 0.06822916666666666 0.21296296296296297
3 0.26015625 0.7398148148148148 0.06927083333333334 0.2796296296296296
8 0.025260416666666667 0.34953703703703703 0.0484375 0.1935185185185185
3 0.76328125 0.6263888888888889 0.0546875 0.22314814814814815
3 0.12786458333333334 0.49074074074074076 0.09010416666666667 0.2388888888888889
3 0.17942708333333332 0.5194444444444445 0.07239583333333334 0.2759259259259259
8 0.778125 0.3611111111111111 0.040625 0.19444444444444445
3 0.680984375 0.4075185185185185 0.08696875000000001 0.1794074074074074
3 0.4244791666666667 0.37083333333333335 0.05 0.21203703703703702
3 0.5205729166666667 0.5736111111111111 0.050520833333333334 0.262037037037037
3 0.81328125 0.737037037037037 0.06302083333333333 0.2388888888888889
3 0.3927083333333333 0.3453703703703704 0.04583333333333333 0.2111111111111111
2 0.51796875 0.5171296296296296 0.0171875 0.028703703703703703
0 0.6229166666666667 0.06759259259259259 0.017708333333333333 0.03518518518518519
2 0.8114583333333333 0.6995370370370371 0.0125 0.028703703703703703
2 0.2557291666666667 0.6851851851851852 0.0125 0.02962962962962963
2 0.39375 0.3106481481481482 0.0125 0.019444444444444445
2 0.41510416666666666 0.3300925925925926 0.007291666666666667 0.023148148148148147
9 0.7291666666666666 0.24259259259259258 0.034375 0.018518518518518517
2 0.16276041666666666 0.5125 0.013020833333333334 0.023148148148148147
3 0.7145208333333334 0.3726666666666667 0.04277604166666672 0.18334259259259258
2 0.689546875 0.37113888888888885 0.007401041666666686 0.023277777777777765