3 0.878125 0.6425925925925926 0.0625 0.22777777777777777
3 0.5502604166666667 0.35833333333333334 0.06927083333333334 0.17777777777777778
3 0.6794270833333333 0.6152777777777778 0.0546875 0.23055555555555557
3 0.37161458333333336 0.44583333333333336 0.05572916666666667 0.21574074074074073
3 0.40625 0.7643518518518518 0.04479166666666667 0.22870370370370371
8 0.8130208333333333 0.8736111111111111 0.041666666666666664 0.20092592592592592
3 0.4125 0.5429537037037037 0.05899999999999998 0.21267592592592596
8 0.7309895833333333 0.3523148148148148 0.03697916666666667 0.1787037037037037
0 0.5252604166666667 0.10092592592592593 0.016145833333333335 0.027777777777777776
3 0.32864583333333336 0.7196944444444444 0.042708333333333334 0.25604629629629627
8 0.054427083333333334 0.6736111111111112 0.06614583333333333 0.2324074074074074
2 0.3963541666666667 0.7300925925925926 0.0125 0.030555555555555555
2 0.8809895833333333 0.6027777777777777 0.013020833333333334 0.027777777777777776
2 0.4140625 0.5046296296296297 0.009375 0.024074074074074074
2 0.365625 0.3939814814814815 0.009375 0.023148148148148147
3 0.43973437499999996 0.49820370370370365 0.0469114583333333 0.1891759259259259
9 0.32864583333333336 0.2847222222222222 0.03125 0.019444444444444445
2 0.6859375 0.5694444444444444 0.009375 0.025925925925925925
2 0.4002604166666667 0.4685185185185185 0.008854166666666666 0.020370370370370372
5 0.5474635416666668 0.23519444444444443 0.027072916666666676 0.12466666666666665
3 0.411625 0.5227407407407407 0.07825 0.23198148148148146
2 0.5465104166666667 0.25005555555555553 0.006098958333333352 0.015111111111111157