3 0.47708333333333336 0.37824074074074077 0.051041666666666666 0.2101851851851852
3 0.4127604166666667 0.3138888888888889 0.04635416666666667 0.20555555555555555
3 0.15833333333333333 0.4703703703703704 0.06145833333333333 0.21296296296296297
8 0.022916666666666665 0.33935185185185185 0.04583333333333333 0.20277777777777778
3 0.30364583333333334 0.5064814814814815 0.053125 0.22037037037037038
8 0.6002604166666666 0.8425925925925926 0.0578125 0.3148148148148148
8 0.7046875 0.37083333333333335 0.03958333333333333 0.20462962962962963
3 0.6166666666666667 0.4722222222222222 0.06458333333333334 0.24814814814814815
3 0.31927083333333334 0.4310185185185185 0.035416666666666666 0.225
3 0.14010416666666667 0.38333333333333336 0.05 0.2074074074074074
3 0.5932291666666667 0.43703703703703706 0.06041666666666667 0.22962962962962963
3 0.4296875 0.7675925925925926 0.06875 0.3148148148148148
0 0.5278645833333333 0.16342592592592592 0.0203125 0.03425925925925926
3 0.4531822916666667 0.7453703703703703 0.06967708333333332 0.2722222222222222
2 0.609375 0.41203703703703703 0.010416666666666666 0.025925925925925925
2 0.41171875 0.275 0.013020833333333334 0.020370370370370372
2 0.42734375 0.75 0.013020833333333334 0.03148148148148148
2 0.315625 0.39351851851851855 0.007291666666666667 0.020370370370370372
9 0.6338541666666667 0.23657407407407408 0.035416666666666666 0.023148148148148147
2 0.13854166666666667 0.34675925925925927 0.010416666666666666 0.021296296296296296
2 0.4705729166666667 0.34305555555555556 0.0078125 0.019444444444444445
2 0.31276041666666665 0.4513888888888889 0.009895833333333333 0.025
2 0.16380208333333332 0.43148148148148147 0.008854166666666666 0.022222222222222223
2 0.5942291666666667 0.3939166666666667 0.012052083333333267 0.019462962962962946