6 0.30063541666666665 0.3833888888888889 0.04271874999999999 0.3557314814814814
3 0.27460416666666665 0.4737222222222222 0.053041666666666654 0.25170370370370365
8 0.20170312499999998 0.3311574074074074 0.04670312499999998 0.21450925925925923
9 0.2730208333333334 0.20605555555555555 0.039729166666666656 0.025925925925925925
0 0.3004947916666667 0.17813888888888887 0.01721874999999997 0.032388888888888905
7 0.33271875 0.39821296296296294 0.05599999999999999 0.3215740740740741
3 0.43509895833333334 0.3952037037037037 0.07227083333333333 0.20286111111111113
3 0.42844270833333337 0.5343981481481481 0.08178124999999999 0.2633425925925927
3 0.407203125 0.6038981481481481 0.06297395833333337 0.2911481481481482
8 0.2564322916666667 0.846574074074074 0.07332812499999998 0.29565740740740737
3 0.5690729166666666 0.3388611111111111 0.05705729166666676 0.24193518518518514
3 0.7958177083333333 0.3952037037037037 0.06254687500000007 0.23141666666666663
3 0.7958333333333333 0.7527407407407408 0.08768229166666662 0.36980555555555544
3 0.9597864583333333 0.40300925925925923 0.05502604166666671 0.2668148148148149
2 0.8089166666666666 0.6807592592592593 0.016328124999999954 0.03817592592592594
2 0.4071979166666667 0.5479537037037037 0.013645833333333357 0.03976851851851856
2 0.3123020833333333 0.3480648148148148 0.012895833333333329 0.03263888888888889
2 0.5630989583333333 0.2944259259259259 0.0143802083333334 0.01858333333333338
2 0.7973333333333333 0.3567962962962963 0.005505208333333418 0.017527777777777732