2 0.2087760416666667 0.6180555555555556 0.00955208333333335 0.028175925925925986
5 0.21385416666666668 0.6310555555555555 0.06684895833333335 0.2911481481481482
7 0.232140625 0.6299722222222223 0.06603645833333331 0.22974074074074086
3 0.30874479166666663 0.49632407407407403 0.0485625 0.2297407407407407
3 0.2353958333333333 0.3693518518518518 0.07863541666666665 0.18819444444444444
0 0.251953125 0.2293796296296296 0.017880208333333356 0.03539814814814814
9 0.35263541666666665 0.21203703703703702 0.032307291666666654 0.020231481481481503
8 0.2670885416666666 0.3003611111111111 0.0412447916666667 0.17447222222222225
3 0.3751875 0.41088888888888886 0.04165104166666668 0.20625925925925925
3 0.36594270833333337 0.3740462962962963 0.045109374999999945 0.21781481481481482
3 0.399875 0.44050925925925927 0.05445312499999998 0.21059259259259264
3 0.5495208333333333 0.4291296296296296 0.05059374999999999 0.21528703703703697
3 0.6865729166666666 0.4945185185185186 0.049984374999999893 0.24201851851851847
3 0.7345260416666667 0.6904814814814815 0.0442968750000001 0.2539444444444444
8 0.46052604166666666 0.7340092592592593 0.05425000000000004 0.17772222222222228
2 0.3115364583333333 0.4599722222222222 0.00603645833333329 0.020648148148148106
2 0.5465625000000001 0.39462037037037034 0.006208333333333371 0.016425925925925934
2 0.3716458333333333 0.38389814814814816 0.0058802083333333146 0.019287037037037075