3 0.710640625 0.5517314814814814 0.08393229166666671 0.2682685185185185
3 0.246875 0.6615740740740741 0.07395833333333333 0.25277777777777777
3 0.040364583333333336 0.7777777777777778 0.0640625 0.3148148148148148
3 0.64609375 0.3300925925925926 0.07239583333333334 0.21574074074074073
3 0.7721354166666666 0.5898148148148148 0.07239583333333334 0.2537037037037037
3 0.6096354166666667 0.29583333333333334 0.0453125 0.2101851851851852
3 0.13645833333333332 0.5310185185185186 0.05520833333333333 0.2490740740740741
2 0.7075520833333333 0.5291666666666667 0.021354166666666667 0.028703703703703703
2 0.6044270833333333 0.26296296296296295 0.008854166666666666 0.020370370370370372
8 0.27734375 0.888425925925926 0.049479166666666664 0.22314814814814815
2 0.2520833333333333 0.5990740740740741 0.0125 0.025925925925925925
9 0.7502604166666667 0.25 0.03697916666666667 0.020370370370370372
2 0.026302083333333334 0.7111111111111111 0.0109375 0.03148148148148148
3 0.32734375 0.3384259259259259 0.04635416666666667 0.25833333333333336
8 0.381890625 0.30574074074074076 0.037901041666666656 0.19579629629629633
2 0.7817708333333333 0.5430555555555555 0.010416666666666666 0.030555555555555555
2 0.12734375 0.47824074074074074 0.005729166666666666 0.026851851851851852
2 0.34140625 0.31666666666666665 0.0078125 0.024074074074074074
3 0.359296875 0.33646296296296296 0.06994791666666664 0.24647222222222226
3 0.7098385416666667 0.5916203703703704 0.08634895833333331 0.26798148148148154