4 0.7026718750000001 0.7020925925925926 0.08458333333333339 0.2567777777777777
0 0.735296875 0.7274907407407408 0.019203124999999942 0.035398148148148165
3 0.6128854166666666 0.6266203703703703 0.07026562499999993 0.28627777777777785
3 0.5551406249999999 0.6561203703703704 0.07970312500000004 0.2481018518518519
2 0.5475 0.6031944444444445 0.009760416666666553 0.03354629629629631
3 0.5627864583333333 0.5858518518518518 0.05465104166666658 0.2278611111111111
3 0.6023125 0.35625 0.06018229166666676 0.2151388888888889
3 0.7036458333333333 0.2353796296296296 0.04619270833333336 0.20473148148148146
3 0.3453177083333333 0.3172129629629629 0.04326562499999997 0.206462962962963
3 0.2581354166666667 0.5789074074074074 0.06603645833333331 0.26256481481481475
3 0.12004166666666666 0.6957314814814815 0.06701562500000001 0.2764444444444444
3 0.34824479166666666 0.24058333333333332 0.04586979166666663 0.18969444444444444
8 0.6636510416666667 0.1942037037037037 0.03569270833333344 0.18777777777777777
8 0.44203125000000004 0.8122037037037036 0.057395833333333354 0.2696574074074074
9 0.28800000000000003 0.1569351851851852 0.037552083333333285 0.023425925925925937
2 0.706734375 0.6404259259259258 0.014265624999999933 0.0283425925925925
2 0.7132239583333334 0.20547222222222222 0.005916666666666733 0.017685185185185207
2 0.34885416666666663 0.2124537037037037 0.00869791666666669 0.020166666666666642
2 0.2615625 0.5261018518518519 0.009151041666666693 0.02658333333333337
2 0.12148958333333333 0.6460925925925926 0.008328125000000004 0.02736111111111107
2 0.6132395833333334 0.31433333333333335 0.011833333333333229 0.024157407407407436