3 0.7390625 0.33240740740740743 0.059375 0.18703703703703703
8 0.7401041666666667 0.7865740740740741 0.05416666666666667 0.18796296296296297
3 0.590625 0.4842592592592593 0.05416666666666667 0.21851851851851853
3 0.43871875 0.3914722222222223 0.05335937500000002 0.18892592592592594
3 0.8989583333333333 0.5314814814814814 0.057291666666666664 0.23703703703703705
3 0.24505208333333334 0.611574074074074 0.06302083333333333 0.2361111111111111
3 0.16302083333333334 0.7 0.057291666666666664 0.22777777777777777
3 0.5049479166666667 0.5083333333333333 0.049479166666666664 0.23333333333333334
8 0.6895833333333333 0.2865740740740741 0.035416666666666666 0.17314814814814813
8 0.12005208333333334 0.5763888888888888 0.0296875 0.2212962962962963
2 0.51015625 0.4597222222222222 0.016145833333333335 0.028703703703703703
0 0.38808333333333334 0.31054629629629626 0.015859375000000023 0.029666666666666633
2 0.58515625 0.4462962962962963 0.013020833333333334 0.020370370370370372
2 0.43515625 0.3648148148148148 0.0078125 0.016666666666666666
5 0.3970989583333333 0.5256574074074074 0.04738541666666667 0.31376851851851845
9 0.34725 0.2219814814814815 0.030208333333333334 0.017037037037037017
3 0.3941458333333333 0.5300370370370371 0.0765625 0.19133333333333327
2 0.7377604166666667 0.2986111111111111 0.0078125 0.017592592592592594
2 0.16145833333333334 0.6625 0.009375 0.028703703703703703
2 0.3958333333333333 0.5074074074074074 0.013541666666666667 0.025925925925925925
3 0.749421875 0.7696203703703705 0.10797916666666675 0.09714814814814822