9 0.2830260416666667 0.20532407407407408 0.03736458333333334 0.025249999999999984
8 0.21563020833333332 0.3344814814814815 0.048947916666666674 0.20779629629629626
7 0.3310677083333333 0.5313888888888889 0.08244791666666665 0.2997592592592593
4 0.30877604166666667 0.49050925925925926 0.06061458333333327 0.2857129629629629
0 0.3206197916666667 0.3701481481481481 0.020671875000000027 0.03675000000000005
3 0.2834583333333333 0.42341666666666666 0.059223958333333354 0.214287037037037
8 0.27928125000000004 0.8313425925925927 0.05782812499999999 0.25723148148148156
3 0.40864062500000004 0.6057037037037036 0.0694427083333333 0.2700277777777777
3 0.45358333333333334 0.5553333333333333 0.0636354166666667 0.2766296296296296
3 0.411890625 0.3901759259259259 0.05318750000000006 0.22874074074074072
3 0.5562343750000001 0.3263888888888889 0.05434375000000002 0.23988888888888882
3 0.7413385416666666 0.764462962962963 0.0845364583333333 0.34311111111111103
3 0.8212291666666667 0.38460185185185186 0.07153125000000007 0.20437962962962963
3 0.9332916666666667 0.3914166666666667 0.06340624999999989 0.24442592592592594
2 0.74346875 0.6975462962962963 0.0140625 0.0349537037037037
2 0.40784895833333334 0.5541203703703704 0.0136354166666667 0.03462962962962971
2 0.4502864583333333 0.4992037037037037 0.01502604166666662 0.03462962962962971
2 0.34175 0.4911666666666667 0.011130208333333277 0.03438888888888893
2 0.55753125 0.2869351851851852 0.014192708333333333 0.019027777777777737
2 0.81434375 0.35785185185185187 0.005619791666666648 0.015212962962962916
2 0.29822395833333337 0.4476851851851852 0.013046874999999977 0.032944444444444484
2 0.2887760416666667 0.3885 0.006500000000000009 0.0169074074074074