8 0.054510416666666665 0.7467592592592592 0.051151041666666654 0.25167592592592586
3 0.18858333333333333 0.8365462962962963 0.07750000000000004 0.26775000000000004
3 0.2864947916666667 0.7906203703703704 0.054250000000000013 0.24754629629629643
3 0.3854375 0.5141481481481481 0.08266666666666668 0.18875925925925932
3 0.4086875 0.4854444444444444 0.08680208333333338 0.19932407407407407
3 0.5404375 0.4372222222222222 0.06716666666666668 0.17636111111111108
3 0.5421197916666666 0.3593703703703704 0.050890625000000016 0.17681481481481484
3 0.634859375 0.5995648148148148 0.07827604166666664 0.21999074074074065
3 0.6687031250000001 0.9059907407407408 0.07104166666666671 0.18801851851851847
3 0.8558697916666667 0.9560462962962962 0.09248437500000009 0.0878981481481481
8 0.77371875 0.3770555555555556 0.04701562499999999 0.1956481481481481
3 0.9877395833333333 0.5364166666666667 0.024520833333333294 0.21125925925925929
9 0.35715104166666667 0.31437037037037036 0.03539062500000002 0.03352777777777781
0 0.4008072916666666 0.1416851851851852 0.018343750000000013 0.03168518518518516
8 0.5154895833333334 0.9035462962962965 0.06199999999999998 0.19289814814814818
2 0.2938541666666667 0.7371111111111112 0.014755208333333296 0.03886111111111114
2 0.6269739583333334 0.5639907407407407 0.014296874999999905 0.036398148148148096
2 0.17311458333333332 0.7713148148148148 0.009098958333333348 0.03196296296296294
2 0.5412604166666667 0.3345277777777778 0.007213541666666619 0.016296296296296316
2 0.53721875 0.4117314814814815 0.00947916666666663 0.018574074074074024