8 0.7049010416666667 0.7862870370370371 0.06051041666666658 0.2992962962962963
8 0.09652604166666667 0.5546851851851852 0.059687499999999984 0.2341666666666667
3 0.29513541666666665 0.530537037037037 0.046927083333333286 0.2297777777777778
4 0.10084895833333334 0.6198148148148148 0.050218750000000006 0.2531944444444445
0 0.11271354166666667 0.5969722222222222 0.020286458333333326 0.033064814814814845
3 0.5536458333333333 0.495462962962963 0.05895312500000003 0.2271481481481481
3 0.6085260416666666 0.4966111111111111 0.07053125000000003 0.18827777777777777
3 0.7285833333333334 0.5099444444444444 0.07310416666666673 0.1722685185185185
3 0.6460416666666667 0.4908888888888889 0.05681249999999996 0.2484907407407408
3 0.5389583333333333 0.4274351851851852 0.06088541666666671 0.20999999999999996
3 0.5759427083333333 0.43562962962962964 0.06581770833333328 0.2035185185185185
3 0.5724010416666666 0.1886574074074074 0.05745312499999997 0.18065740740740743
3 0.4452760416666666 0.30394444444444446 0.04416145833333331 0.2023796296296296
8 0.7905364583333333 0.20733333333333334 0.04352083333333331 0.18599074074074076
2 0.648578125 0.4333796296296296 0.011749999999999972 0.028324074074074102
9 0.42726562500000004 0.16282407407407407 0.0319947916666667 0.0209537037037037
2 0.7318958333333333 0.4879351851851852 0.010671874999999886 0.015027777777777794
2 0.4527760416666667 0.2630462962962963 0.009671874999999967 0.019657407407407426
2 0.6006302083333334 0.46202777777777776 0.007937499999999886 0.02817592592592593
2 0.5633645833333334 0.44808333333333333 0.014374999999999952 0.021157407407407427