8 0.5875 0.774074074074074 0.06875 0.20925925925925926
3 0.23489583333333333 0.7342592592592593 0.0625 0.28888888888888886
3 0.76796875 0.7319444444444444 0.0859375 0.2490740740740741
3 0.05364583333333333 0.4828703703703704 0.06979166666666667 0.24351851851851852
3 0.5825520833333333 0.5254629629629629 0.05364583333333333 0.25277777777777777
8 0.03046875 0.3439814814814815 0.0390625 0.19907407407407407
3 0.73828125 0.5925925925925926 0.0609375 0.21851851851851853
3 0.7526041666666666 0.4217592592592593 0.053125 0.1824074074074074
3 0.09375 0.5337962962962963 0.051041666666666666 0.30277777777777776
3 0.7752604166666667 0.38842592592592595 0.0578125 0.19722222222222222
2 0.58046875 0.4726851851851852 0.0171875 0.026851851851851852
3 0.3776041666666667 0.35694444444444445 0.06770833333333333 0.20092592592592592
2 0.76796875 0.6837962962962963 0.0140625 0.030555555555555555
2 0.2296875 0.6726851851851852 0.0125 0.028703703703703703
0 0.7291666666666666 0.3277777777777778 0.016666666666666666 0.03148148148148148
2 0.7356770833333334 0.5523148148148148 0.013020833333333334 0.028703703703703703
3 0.40182291666666664 0.3712962962962963 0.0484375 0.20925925925925926
2 0.09192708333333334 0.5138888888888888 0.013020833333333334 0.024074074074074074
9 0.7296875 0.24212962962962964 0.03333333333333333 0.019444444444444445
2 0.37838541666666664 0.3263888888888889 0.008854166666666666 0.019444444444444445
8 0.7759375 0.3548796296296296 0.031640625 0.16301851851851848