3 0.03958333333333333 0.5259259259259259 0.0625 0.2074074074074074
3 0.1875 0.4351851851851852 0.052083333333333336 0.20925925925925926
3 0.5731770833333333 0.6435185185185185 0.09114583333333333 0.1685185185185185
3 0.28411458333333334 0.5745370370370371 0.06302083333333333 0.2212962962962963
3 0.8544270833333333 0.33055555555555555 0.059895833333333336 0.14629629629629629
3 0.23072916666666668 0.5287037037037037 0.075 0.22962962962962963
3 0.8268229166666666 0.3990740740740741 0.04114583333333333 0.2037037037037037
8 0.6513020833333333 0.2722222222222222 0.043229166666666666 0.15
3 0.7895833333333333 0.3224722222222222 0.057291666666666664 0.14208333333333337
2 0.18958333333333333 0.4 0.013541666666666667 0.020370370370370372
2 0.278125 0.5273148148148148 0.0125 0.025
0 0.8661458333333333 0.5648148148148148 0.016666666666666666 0.02962962962962963
3 0.5161458333333333 0.5912037037037037 0.065625 0.18055555555555555
4 0.8664583333333333 0.580962962962963 0.08464583333333332 0.19462037037037042
2 0.5088645833333333 0.5687314814814814 0.00922916666666668 0.016203703703703703