3 0.33716666666666667 0.5618425925925925 0.06701562500000004 0.22789814814814818
3 0.288921875 0.4896666666666667 0.06284375000000002 0.2180092592592593
3 0.22996875 0.3969722222222222 0.06284374999999999 0.1868703703703703
8 0.2757135416666667 0.3008148148148148 0.03754166666666666 0.16857407407407404
9 0.3530208333333333 0.21208333333333335 0.028640625000000006 0.022740740740740742
3 0.35830208333333335 0.3833796296296296 0.033645833333333285 0.20515740740740745
3 0.375265625 0.42144444444444445 0.03920833333333332 0.21603703703703708
3 0.37915625000000003 0.46025 0.043656249999999966 0.20663888888888884
3 0.21509375 0.6930925925925926 0.046437499999999986 0.17797222222222225
2 0.21829166666666666 0.6841944444444444 0.012791666666666639 0.03362037037037032
8 0.46675 0.7412962962962963 0.057005208333333356 0.17747222222222228
3 0.7862760416666668 0.6584444444444445 0.0542239583333334 0.2364537037037038
3 0.6310989583333334 0.4192592592592593 0.06445833333333345 0.19825925925925927
3 0.8292447916666668 0.49868518518518523 0.08969270833333336 0.21644444444444444
2 0.29715624999999996 0.46123148148148146 0.008833333333333353 0.017666666666666705
2 0.24357291666666667 0.36448148148148146 0.006864583333333308 0.014249999999999987
2 0.6208541666666666 0.39105555555555555 0.005109374999999972 0.01711111111111113
2 0.3568697916666667 0.3532314814814815 0.007057291666666643 0.019601851851851815
2 0.3705625 0.38712037037037034 0.0066041666666667 0.01963888888888892
2 0.37607291666666665 0.4212222222222222 0.008255208333333286 0.018388888888888903