2 0.43611458333333336 0.6014814814814815 0.008078124999999995 0.032731481481481396
9 0.2569895833333333 0.2573240740740741 0.03381249999999998 0.02705555555555558
3 0.3301614583333333 0.3955925925925926 0.05015624999999998 0.2047222222222222
3 0.341609375 0.3256203703703704 0.04305208333333337 0.18635185185185185
3 0.6018385416666666 0.4516296296296296 0.0518645833333333 0.1966111111111111
8 0.6320520833333333 0.2942314814814815 0.04151562500000002 0.18100925925925926
3 0.25933333333333336 0.6831111111111111 0.04682291666666665 0.24000000000000005
3 0.19443229166666667 0.828462962962963 0.045552083333333354 0.25673148148148145
3 0.423015625 0.6745648148148148 0.06729687500000002 0.2916018518518519
3 0.6985781249999999 0.61125 0.10271354166666669 0.31505555555555553
3 0.73584375 0.6666111111111112 0.05072395833333327 0.25649074074074074
8 0.5052447916666666 0.8606851851851851 0.061807291666666646 0.27862037037037035
3 0.7668645833333334 0.3717129629629629 0.0432864583333334 0.21572222222222218
0 0.5157552083333333 0.11824999999999998 0.016958333333333304 0.030314814814814812
3 0.466796875 0.6307407407407408 0.07088541666666662 0.18943518518518512
2 0.7314895833333334 0.6604907407407408 0.006552083333333295 0.025898148148148174
2 0.7685885416666667 0.33875925925925926 0.008317708333333229 0.01934259259259258
2 0.32453645833333333 0.3543888888888889 0.010906250000000029 0.029712962962962993
2 0.6845729166666668 0.5614537037037037 0.015963541666666713 0.03292592592592587