8 0.8203125 0.8856481481481482 0.06145833333333333 0.22870370370370371
8 0.7533854166666667 0.2833333333333333 0.044270833333333336 0.21296296296296297
3 0.34597916666666667 0.7559537037037036 0.06527604166666663 0.24921296296296283
3 0.6776041666666667 0.7587962962962963 0.09895833333333333 0.24351851851851852
3 0.45051562500000003 0.5277962962962963 0.052624999999999984 0.2704074074074074
8 0.065625 0.6337962962962963 0.041666666666666664 0.26944444444444443
3 0.331796875 0.5214629629629629 0.04039062499999998 0.2552314814814814
3 0.28774479166666667 0.4775648148148148 0.07560416666666668 0.2500925925925926
3 0.24791666666666667 0.4847592592592592 0.044838541666666655 0.2564074074074075
3 0.3626302083333333 0.45118518518518513 0.06067187500000001 0.2856944444444444
2 0.3575520833333333 0.3990740740740741 0.009895833333333333 0.024074074074074074
2 0.34739583333333335 0.7245370370370371 0.014583333333333334 0.03611111111111111
0 0.3419270833333333 0.20416666666666666 0.0203125 0.032407407407407406
2 0.3377604166666667 0.46435185185185185 0.008854166666666666 0.028703703703703703
2 0.46015625 0.46574074074074073 0.009895833333333333 0.027777777777777776
3 0.391609375 0.4521851851851852 0.03778645833333331 0.25787037037037036
9 0.34088541666666666 0.21157407407407408 0.03697916666666667 0.021296296296296296
2 0.2986979166666667 0.42268518518518516 0.0140625 0.028703703703703703