8 0.7989583333333333 0.8763888888888889 0.06041666666666667 0.24722222222222223
3 0.27809375000000003 0.6087962962962963 0.07609895833333337 0.25092592592592594
8 0.7380208333333333 0.29212962962962963 0.041666666666666664 0.19907407407407407
3 0.26640625 0.7527777777777778 0.06927083333333334 0.2574074074074074
3 0.43385416666666665 0.4739351851851852 0.10416666666666667 0.2238055555555556
3 0.35397395833333334 0.45114814814814813 0.05142187500000001 0.2180833333333333
3 0.9200520833333333 0.37407407407407406 0.06197916666666667 0.22037037037037038
3 0.5296875 0.5015277777777778 0.051041666666666666 0.24878703703703708
8 0.09583333333333334 0.6194444444444445 0.0375 0.25
3 0.3394947916666667 0.5820277777777778 0.05433854166666663 0.2618703703703703
2 0.33697916666666666 0.5439814814814815 0.01875 0.032407407407407406
2 0.5403645833333334 0.44166666666666665 0.011979166666666667 0.027777777777777776
0 0.31956249999999997 0.14809259259259258 0.016843749999999956 0.029240740740740727
2 0.27369791666666665 0.5601851851851852 0.011979166666666667 0.027777777777777776
2 0.35598958333333336 0.4152777777777778 0.009895833333333333 0.021296296296296296
9 0.35078125 0.22314814814814815 0.0328125 0.022222222222222223
2 0.26927083333333335 0.7046296296296296 0.010416666666666666 0.03518518518518519
3 0.76015625 0.7666666666666667 0.08802083333333334 0.1925925925925926
2 0.7526041666666666 0.7106481481481481 0.016666666666666666 0.019444444444444445
3 0.4066666666666666 0.4473888888888889 0.049307291666666704 0.245175925925926
2 0.9066458333333334 0.3349074074074074 0.006442708333333277 0.02079629629629633