8 0.5716145833333334 0.8763888888888889 0.08177083333333333 0.24537037037037038
8 0.6872395833333333 0.38796296296296295 0.0515625 0.2074074074074074
3 0.2908854166666667 0.836574074074074 0.0765625 0.30648148148148147
3 0.5619791666666667 0.47175925925925927 0.058333333333333334 0.2490740740740741
3 0.33541666666666664 0.4027777777777778 0.04895833333333333 0.21851851851851853
3 0.17994791666666668 0.8189814814814815 0.059895833333333336 0.3101851851851852
3 0.46588541666666666 0.43657407407407406 0.0671875 0.24166666666666667
3 0.024739583333333332 0.6467592592592593 0.049479166666666664 0.24351851851851852
3 0.47682291666666665 0.5555555555555556 0.05364583333333333 0.24814814814814815
3 0.29583333333333334 0.4708333333333333 0.03333333333333333 0.2361111111111111
3 0.5328125 0.4449074074074074 0.06145833333333333 0.2324074074074074
0 0.6067708333333334 0.3421296296296296 0.017708333333333333 0.032407407407407406
2 0.3294270833333333 0.35462962962962963 0.015104166666666667 0.020370370370370372
2 0.29270833333333335 0.7708333333333334 0.022916666666666665 0.03425925925925926
2 0.57109375 0.42592592592592593 0.009895833333333333 0.020370370370370372
2 0.17864583333333334 0.7550925925925925 0.014583333333333334 0.03611111111111111
2 0.4661458333333333 0.3962962962962963 0.009375 0.022222222222222223
9 0.61328125 0.2625 0.03697916666666667 0.023148148148148147