3 0.4328125 0.763425925925926 0.06979166666666667 0.2324074074074074
3 0.6611979166666667 0.6129629629629629 0.04635416666666667 0.22962962962962963
3 0.9028645833333333 0.6407407407407407 0.0515625 0.2351851851851852
8 0.7317708333333334 0.3578703703703704 0.04375 0.175
3 0.334375 0.7013888888888888 0.059375 0.25833333333333336
3 0.4674479166666667 0.3537037037037037 0.04739583333333333 0.16296296296296298
8 0.78125 0.8740740740740741 0.04479166666666667 0.2037037037037037
2 0.42916666666666664 0.7268518518518519 0.014583333333333334 0.027777777777777776
0 0.45625 0.031018518518518518 0.015625 0.028703703703703703
3 0.5369791666666667 0.3523148148148148 0.03958333333333333 0.19166666666666668
3 0.372515625 0.5511111111111111 0.044927083333333326 0.2183796296296296
8 0.0671875 0.6657407407407407 0.05 0.22407407407407406
3 0.424625 0.5217592592592593 0.0601197916666667 0.21574074074074073
2 0.9041666666666667 0.5972222222222222 0.0125 0.025925925925925925
2 0.32578125 0.6375 0.0109375 0.026851851851851852
2 0.38359375 0.5050925925925925 0.009895833333333333 0.025
9 0.32838541666666665 0.29212962962962963 0.03177083333333333 0.019444444444444445
2 0.6645833333333333 0.5643518518518519 0.008333333333333333 0.025
3 0.3883854166666667 0.4015370370370371 0.03872395833333329 0.10677777777777782
2 0.39505208333333336 0.40879629629629627 0.0109375 0.017592592592592594
3 0.38809375 0.5315092592592592 0.09698437500000003 0.22797222222222224
2 0.538265625 0.33317592592592593 0.006500000000000009 0.017842592592592577
2 0.4737604166666667 0.32513888888888887 0.006208333333333371 0.023046296296296283